0,0,0,0,0,0,0,0,0,0,0,0,0,0,0,0,0,0,0,0,0,0,0,0,0,0,0,0,1,0,0,0,0,0,0,0,0,0,0,0,1,0,0,0,0,0,0,0,0,0,0,2,0,0,0,0,0,0,0,0,0,0,0,1,0,0,0,0,0,0,0,0,0,2,0,0,0,0,0,0,0,0,0,0,0,0,0,0,1,0,0,1,0,0,0,0,0,1,0,0,0,0,1,1,1,0,0,0,0,0,1,0,0,0,0,1,0,0,1,0,0,0,0,0,1,0,1,0,0,0,1,0,0,0,0,1,0,0,5,0,0,1,0,1,0,0,1,1,0,0,0,1,0,0,0,0,6,0,2,1,4,0,1,0,0,1,0,0,output/source/training/positive/P-dolent-1.txt.csv,deceptive
0,0,0,0,0,0,0,0,0,0,0,0,0,0,0,0,0,0,0,0,0,1,0,0,0,0,0,0,0,0,0,0,1,0,0,0,1,0,0,0,0,1,0,0,1,0,0,0,0,0,0,0,0,0,0,0,0,0,0,0,0,0,0,0,0,1,0,0,0,0,0,1,0,0,0,0,1,0,0,0,0,0,0,0,0,0,0,0,0,0,0,1,1,0,0,0,0,0,0,0,0,1,0,0,0,0,0,0,0,0,0,0,2,0,0,0,0,0,0,0,0,0,0,0,0,0,0,0,2,1,0,2,0,1,0,0,0,0,1,0,0,1,0,0,0,1,3,0,0,1,0,1,2,0,1,1,0,1,0,0,0,1,1,0,0,0,0,0,output/source/training/positive/P-dolent-10.txt.csv,deceptive
0,0,0,0,0,0,0,0,0,0,0,1,0,0,0,0,1,0,0,0,0,0,0,0,0,0,0,0,0,0,1,0,1,0,0,0,1,1,0,0,0,0,0,0,0,0,2,2,0,0,0,0,0,0,0,0,0,0,0,0,1,0,0,2,0,1,0,0,0,0,0,1,0,0,0,0,1,0,1,0,0,0,0,0,0,0,0,0,0,0,0,0,0,0,0,0,0,0,2,1,0,2,0,0,0,0,0,0,0,0,0,0,0,2,0,0,0,1,0,0,0,2,3,3,0,0,0,1,0,1,1,0,1,0,1,1,0,0,1,2,0,0,0,0,0,0,0,0,1,1,1,0,2,0,4,1,1,2,0,0,2,0,0,0,0,0,0,1,output/source/training/positive/P-dolent-11.txt.csv,deceptive
0,0,0,0,0,0,0,0,0,0,0,2,0,1,0,0,0,0,1,0,0,0,0,1,0,0,0,1,0,0,0,0,1,0,0,1,0,0,0,0,0,2,0,0,0,0,0,0,0,0,0,0,0,2,0,2,0,0,0,0,0,0,0,0,0,0,0,0,0,1,0,0,0,0,0,0,0,0,0,0,0,1,0,0,0,0,3,0,0,0,1,0,0,0,0,0,0,1,0,0,1,1,0,0,0,0,0,2,1,0,0,0,0,0,0,0,1,1,0,1,0,2,1,0,0,0,0,0,0,1,0,2,0,1,0,1,1,0,0,1,0,0,0,0,0,2,0,0,0,0,0,0,1,0,0,2,4,2,0,0,0,1,2,0,0,0,0,0,output/source/training/positive/P-dolent-12.txt.csv,deceptive
0,0,0,0,0,0,0,0,1,0,0,0,0,0,0,0,0,0,0,0,0,0,0,0,0,0,0,0,0,0,1,0,0,0,0,0,0,0,0,1,0,0,0,0,0,1,2,0,0,0,0,0,0,0,0,0,0,0,0,0,0,0,0,0,0,0,0,0,0,0,0,0,0,0,0,0,1,0,0,0,0,0,0,0,0,0,0,3,0,0,0,0,0,0,0,1,0,0,1,0,0,0,0,0,1,0,0,1,0,0,0,0,0,0,0,0,0,0,0,0,0,0,2,2,0,0,0,1,0,0,0,1,0,0,1,0,1,0,1,0,0,0,0,0,0,0,2,1,3,0,0,2,2,0,0,0,5,0,0,0,1,0,3,0,0,0,0,0,output/source/training/positive/P-dolent-13.txt.csv,deceptive
0,0,0,0,0,0,0,0,0,0,0,0,0,0,0,0,1,0,1,0,0,0,0,0,0,0,0,0,0,0,0,0,1,0,0,0,0,1,0,0,0,0,0,1,0,0,0,0,0,0,0,0,0,0,0,0,0,0,0,0,0,0,0,0,0,0,0,0,0,0,0,0,0,0,0,0,2,0,0,0,0,0,0,0,0,0,0,0,0,0,0,2,1,0,1,0,0,0,0,0,0,0,0,0,0,0,0,2,1,0,0,0,0,0,0,0,0,0,0,0,0,0,2,0,0,0,0,1,1,0,4,0,3,0,0,0,0,1,0,1,0,1,0,0,1,0,0,1,0,0,1,1,0,0,1,2,3,1,1,3,4,0,2,0,0,0,0,0,output/source/training/positive/P-dolent-14.txt.csv,deceptive
0,0,0,0,0,0,0,0,1,0,0,0,0,0,0,0,0,0,0,0,0,0,0,0,0,1,0,0,1,0,0,0,0,0,0,0,0,0,0,0,0,0,0,0,0,0,0,0,0,0,0,0,0,0,0,0,0,0,0,0,0,0,0,0,0,0,0,0,0,0,0,0,0,0,0,0,0,0,0,0,0,0,0,0,0,0,1,0,0,0,1,0,0,0,0,1,0,0,0,0,1,0,0,0,0,1,0,3,0,0,0,0,0,0,0,0,0,0,0,0,0,0,0,1,0,0,0,1,0,0,2,0,1,0,1,0,0,0,1,0,0,0,0,0,0,2,0,5,2,0,0,1,0,0,1,0,6,0,0,1,1,0,1,0,0,0,1,0,output/source/training/positive/P-dolent-15.txt.csv,deceptive
0,0,0,0,1,0,0,0,1,0,1,1,0,0,0,0,0,0,0,0,0,0,0,0,0,0,0,0,1,0,0,0,0,0,1,0,0,0,0,0,0,0,0,2,0,1,0,0,0,0,0,0,0,0,0,0,0,0,1,0,0,0,0,0,0,0,0,0,0,0,0,1,0,0,0,0,0,0,0,0,0,0,0,0,1,0,0,0,0,0,1,2,0,0,1,0,0,0,0,0,0,0,0,0,0,0,0,0,0,0,0,0,0,0,0,0,0,0,0,0,0,0,0,0,0,1,0,0,0,0,1,0,1,0,0,0,0,0,2,0,0,1,3,0,2,0,1,1,1,0,1,1,0,0,0,0,2,0,0,0,0,1,1,0,0,0,0,0,output/source/training/positive/P-dolent-16.txt.csv,deceptive
0,0,1,0,0,0,0,0,0,0,1,0,0,0,0,0,1,0,0,0,0,0,0,0,0,0,0,0,1,0,0,0,0,0,0,0,0,1,0,0,1,0,1,0,0,0,0,0,0,0,0,2,0,0,0,0,0,0,0,0,1,0,0,1,0,0,0,0,0,0,0,0,0,2,0,0,0,0,0,0,3,0,0,0,0,1,0,0,3,0,0,0,0,0,1,0,0,1,0,0,1,0,0,1,1,1,0,0,0,0,0,0,0,0,2,2,0,0,1,0,1,1,0,2,0,0,2,1,0,0,0,0,0,0,1,2,1,1,5,1,0,2,0,1,3,0,0,0,5,1,1,0,0,0,0,1,6,2,2,6,3,3,1,0,0,1,0,0,output/source/training/positive/P-dolent-17.txt.csv,deceptive
0,0,0,0,0,0,0,0,0,0,0,0,0,0,0,0,0,0,0,0,0,0,0,0,0,1,0,0,0,0,0,0,0,0,0,0,0,0,0,0,1,0,0,0,0,0,0,0,0,0,0,0,1,1,0,0,0,0,0,0,0,0,0,0,0,2,0,0,1,0,0,0,0,0,0,0,0,0,0,0,0,0,0,0,0,0,0,0,0,2,0,0,0,0,0,0,0,1,0,0,0,0,0,0,0,2,0,0,1,0,3,0,0,0,0,0,0,0,0,0,0,0,0,2,0,0,0,0,0,1,0,1,0,1,0,5,1,0,0,0,2,1,0,1,0,0,2,0,0,1,1,0,0,0,0,1,0,1,1,1,0,1,1,1,0,0,1,0,output/source/training/positive/P-dolent-18.txt.csv,deceptive
0,0,0,0,0,0,0,0,0,0,0,0,0,0,0,0,0,0,1,0,0,0,0,0,0,0,0,0,0,0,0,0,0,0,0,0,0,0,0,0,1,0,0,0,0,0,0,1,0,0,0,0,0,0,0,0,0,0,0,0,0,0,0,1,0,0,0,0,0,0,0,0,0,0,0,0,0,0,0,0,0,0,0,0,0,0,0,0,0,0,0,0,0,0,0,0,1,0,0,0,0,0,0,0,0,0,0,0,0,0,0,0,0,0,0,0,0,0,0,3,1,1,0,0,0,0,0,0,0,0,0,0,0,0,0,0,0,0,0,0,1,0,0,0,0,4,0,0,0,0,2,0,0,0,2,0,0,1,0,3,1,1,0,0,0,0,2,0,output/source/training/positive/P-dolent-19.txt.csv,deceptive
0,0,0,0,0,0,0,0,0,0,0,0,0,0,0,0,0,0,0,0,0,0,0,0,0,0,0,0,1,0,0,0,0,0,0,0,0,0,0,0,1,0,0,0,0,0,0,0,0,0,1,2,0,0,0,0,0,0,0,0,0,0,0,1,0,0,0,0,0,0,0,0,0,2,0,0,0,0,0,0,1,0,0,0,0,2,0,0,1,0,0,1,0,0,0,0,0,1,0,0,1,0,1,1,1,0,0,0,0,0,1,0,0,0,0,2,2,0,1,0,0,0,1,1,1,0,3,0,0,0,1,0,0,1,0,2,0,0,7,0,0,1,0,4,1,0,1,1,1,0,0,1,1,0,0,0,7,0,2,2,4,3,3,0,0,1,0,0,output/source/training/positive/P-dolent-2.txt.csv,deceptive
0,0,1,1,0,0,0,0,0,1,0,0,0,0,0,0,0,0,0,0,1,0,0,1,0,1,0,0,0,0,0,0,0,2,1,0,0,1,0,0,0,0,0,0,0,1,1,0,0,0,0,0,0,0,0,1,0,0,0,0,0,0,0,0,0,1,1,0,0,0,1,1,0,0,0,0,0,0,0,0,0,2,1,0,0,0,0,0,0,0,1,0,1,0,1,0,0,0,0,0,2,0,0,2,0,0,0,0,0,0,0,0,1,0,0,0,0,0,0,1,0,1,0,0,0,1,1,0,0,0,0,0,1,0,3,0,0,0,0,1,0,2,2,0,3,2,0,1,2,1,1,0,2,0,3,1,0,0,1,1,2,1,1,1,0,1,1,0,output/source/training/positive/P-dolent-20.txt.csv,deceptive
0,0,0,0,0,0,0,0,0,0,1,0,0,0,0,0,0,0,0,0,0,0,0,0,0,0,0,0,0,0,0,0,1,0,0,0,0,0,0,0,0,0,0,0,0,0,0,0,0,0,0,0,0,0,0,0,0,1,0,0,0,0,1,0,0,0,0,0,0,0,0,0,0,0,0,0,0,0,1,0,0,0,0,0,0,0,0,0,0,0,0,0,0,0,0,0,0,0,0,0,0,1,0,0,0,0,0,0,0,0,0,0,0,0,0,0,0,0,0,0,0,0,0,0,0,0,0,1,1,1,0,0,0,1,1,0,0,0,0,0,0,0,0,0,2,0,0,0,0,0,1,0,0,0,0,0,0,0,1,0,1,0,0,1,0,0,0,0,output/source/training/positive/P-dolent-21.txt.csv,deceptive
0,0,1,0,0,0,0,0,0,0,0,0,0,0,0,0,0,0,0,0,0,0,0,0,0,0,0,0,0,0,0,0,1,0,0,0,0,0,0,0,0,0,0,0,0,0,0,0,0,0,0,0,0,0,0,0,0,0,1,0,0,0,0,0,0,0,0,0,0,0,0,0,0,0,0,0,0,0,0,0,0,0,0,0,0,0,0,0,0,0,0,0,0,0,0,0,0,0,0,0,0,0,0,0,0,0,0,1,0,1,0,1,0,0,0,0,0,0,0,0,0,0,0,0,0,0,0,0,0,0,1,1,0,0,1,0,1,0,0,0,1,1,1,0,0,1,1,0,0,1,1,1,0,1,0,0,0,0,0,0,1,0,0,0,0,0,2,0,output/source/training/positive/P-dolent-22.txt.csv,deceptive
0,0,0,0,0,1,0,0,0,0,0,0,0,0,0,0,0,0,0,0,0,0,0,0,0,0,0,0,0,0,0,0,0,0,0,0,0,0,0,0,0,1,0,0,0,0,0,0,0,0,0,0,0,0,0,0,0,0,0,0,0,0,0,0,0,0,0,0,0,0,0,0,0,0,0,0,0,0,0,0,0,0,0,0,0,0,0,0,0,1,0,0,0,0,0,0,0,0,0,0,0,0,0,0,0,0,0,0,0,0,0,1,0,0,0,0,1,0,1,0,1,0,0,0,0,0,0,1,0,1,0,0,0,0,1,0,0,0,0,0,0,0,0,0,1,0,0,0,0,0,0,0,0,0,0,0,0,0,0,1,0,0,4,0,0,0,0,0,output/source/training/positive/P-dolent-27.txt.csv,deceptive
0,0,0,0,0,0,0,0,0,0,0,0,0,0,0,0,0,0,0,0,0,0,0,0,0,0,0,0,0,0,0,0,0,0,0,0,0,0,0,0,0,0,0,0,0,0,0,0,0,0,0,0,0,0,0,0,0,0,0,0,0,0,0,0,0,0,0,0,0,0,0,0,0,0,0,0,0,0,0,0,0,0,0,0,0,0,0,0,0,0,0,0,0,0,0,0,0,0,0,1,0,0,0,0,0,0,0,0,0,0,0,0,0,0,0,1,2,1,0,0,0,0,0,0,1,0,0,2,0,0,0,0,0,0,0,0,0,0,0,0,0,0,0,1,0,0,0,0,0,0,0,0,0,0,0,0,1,0,0,1,2,0,3,0,0,0,0,1,output/source/training/positive/P-dolent-28.txt.csv,deceptive
0,0,0,0,0,0,0,1,0,0,0,0,1,0,0,0,0,0,0,0,0,0,0,0,0,0,0,0,0,1,0,1,0,0,0,1,0,0,0,0,0,0,0,1,0,0,0,0,0,0,0,0,1,0,0,0,0,0,0,2,0,0,0,0,0,0,0,0,0,1,0,0,1,0,0,0,0,0,0,0,0,0,0,1,0,1,1,0,0,0,0,0,0,0,0,0,0,1,0,0,0,0,0,0,0,0,2,0,0,2,0,0,0,1,0,0,0,0,2,1,0,0,0,0,0,0,0,0,0,1,0,2,0,3,0,0,0,0,1,0,0,0,0,0,0,0,0,0,1,0,1,0,0,1,1,0,0,0,4,0,0,4,0,0,0,0,0,0,output/source/training/positive/P-dolent-29.txt.csv,deceptive
0,0,0,0,0,0,0,0,0,0,0,0,0,0,1,0,0,0,0,0,0,0,1,0,0,0,0,0,0,0,0,0,0,0,0,0,0,1,1,0,1,0,0,0,0,0,0,0,0,0,0,0,0,0,0,0,0,0,0,0,0,0,0,0,0,0,0,0,0,0,0,0,0,0,0,1,0,0,1,0,0,0,0,2,0,0,0,0,0,0,0,0,0,0,0,0,0,0,0,0,0,0,2,0,0,0,0,0,0,0,0,0,0,2,0,0,0,1,0,1,0,0,1,0,0,1,0,2,0,1,0,0,0,1,0,0,1,0,1,1,0,0,1,0,0,1,0,1,0,1,0,0,0,2,0,0,1,1,1,0,0,0,0,0,0,0,0,0,output/source/training/positive/P-dolent-3.txt.csv,deceptive
0,0,0,0,0,0,0,0,0,0,0,0,0,0,1,0,0,0,0,0,0,0,1,0,0,0,0,0,0,0,0,0,0,0,0,0,0,1,1,0,1,0,0,0,0,0,0,0,0,0,0,0,0,0,0,0,0,0,0,0,0,0,0,0,0,0,0,0,0,0,0,0,0,0,0,1,0,0,1,0,0,0,0,2,0,0,0,0,0,0,0,0,0,0,0,0,0,0,0,0,0,0,2,0,0,0,0,0,0,0,0,0,0,2,0,0,0,1,0,1,0,0,1,0,0,1,0,2,0,1,0,0,0,1,0,0,1,0,1,1,0,0,1,0,0,1,0,1,0,1,0,0,0,2,0,0,1,1,1,0,0,0,0,0,0,0,0,0,output/source/training/positive/P-dolent-30.txt.csv,deceptive
0,0,0,1,0,0,0,0,0,0,0,0,1,0,0,0,1,1,0,0,0,1,0,0,0,0,0,1,0,0,0,0,0,0,0,0,0,0,0,0,0,0,1,0,1,0,0,1,0,1,0,0,0,0,1,0,0,2,0,0,0,0,0,0,0,0,0,0,0,0,1,1,0,0,0,0,0,0,1,0,0,0,0,1,0,0,0,0,0,0,0,0,0,0,0,0,0,0,0,0,0,1,0,1,1,0,0,1,0,1,0,0,0,0,1,0,0,1,0,1,0,0,1,0,0,0,0,1,0,2,0,1,3,0,0,0,1,0,0,1,3,1,0,3,1,0,0,1,1,6,2,0,2,2,3,1,0,0,1,1,1,2,3,0,0,0,2,2,output/source/training/positive/P-dolent-31.txt.csv,deceptive
0,0,0,0,0,1,0,0,1,0,0,0,0,0,0,0,0,0,0,0,0,0,0,0,0,0,0,0,0,0,0,0,0,0,0,0,0,0,0,0,0,0,0,0,0,0,0,0,0,0,0,0,2,0,0,0,0,0,0,0,0,0,0,0,0,0,0,0,1,0,0,0,0,0,0,1,0,0,0,0,0,0,2,0,0,0,0,0,0,0,0,2,0,0,0,0,0,0,0,0,0,0,0,0,0,2,0,0,0,0,0,0,0,0,0,1,0,0,1,0,1,0,0,2,0,1,1,1,0,3,1,1,1,0,1,0,0,1,0,1,1,0,1,0,0,0,0,2,1,1,1,1,1,2,0,1,0,1,0,0,0,1,0,0,1,0,1,1,output/source/training/positive/P-dolent-32.txt.csv,deceptive
0,0,0,0,0,1,0,0,1,0,0,0,0,0,0,0,0,0,0,0,0,0,0,0,0,0,0,0,0,0,0,0,0,0,0,0,0,0,0,0,0,0,0,0,0,0,0,0,0,0,0,0,2,0,0,0,0,0,0,0,0,0,0,0,0,0,0,0,1,0,0,0,0,0,0,1,0,0,0,0,0,0,2,0,0,0,0,0,0,0,0,2,0,0,0,0,0,0,0,0,0,0,0,0,0,2,0,0,0,0,0,0,0,0,0,1,0,0,1,0,1,0,0,2,0,1,1,1,0,3,1,1,1,0,1,0,0,1,0,1,1,0,1,0,0,0,0,2,1,1,1,1,1,2,0,1,0,1,0,0,0,1,0,0,1,0,1,1,output/source/training/positive/P-dolent-4.txt.csv,deceptive
0,0,0,0,0,0,0,0,0,0,0,0,0,0,0,0,0,0,0,0,0,0,0,0,0,0,0,1,0,0,1,0,0,0,0,0,0,0,0,0,0,0,0,0,0,0,0,0,0,0,0,0,0,0,0,0,0,0,0,0,0,0,0,0,1,0,0,0,0,0,0,0,0,0,0,0,0,0,0,0,0,0,0,0,0,0,0,0,0,0,0,0,0,0,0,0,0,0,1,0,0,0,0,0,0,0,0,0,0,0,1,0,0,0,0,0,0,0,0,1,0,0,0,0,0,0,0,0,0,0,0,1,1,0,0,0,0,2,0,0,0,0,0,0,2,0,2,0,0,0,0,0,0,1,0,0,0,0,0,0,0,1,0,1,0,1,0,1,output/source/training/positive/P-dolent-5.txt.csv,deceptive
0,0,0,0,0,0,0,1,0,0,0,0,1,0,0,0,0,0,0,0,0,0,0,0,0,0,0,0,0,1,0,1,0,0,0,1,0,0,0,0,0,0,0,1,0,0,0,0,0,0,0,0,1,0,0,0,0,0,0,2,0,0,0,0,0,0,0,0,0,1,0,0,1,0,0,0,0,0,0,0,0,0,0,1,0,1,1,0,0,0,0,0,0,0,0,0,0,1,0,0,0,0,0,0,0,0,2,0,0,2,0,0,0,1,0,0,0,0,2,1,0,0,0,0,0,0,0,0,0,1,0,2,0,3,0,0,0,0,1,0,0,0,0,0,0,0,0,0,1,0,1,0,0,1,1,0,0,0,3,0,0,4,0,0,0,0,0,0,output/source/training/positive/P-dolent-6.txt.csv,deceptive
0,0,0,0,0,0,0,0,0,0,0,0,0,0,0,0,0,0,0,0,0,0,0,0,0,0,0,0,0,0,0,0,0,0,2,0,1,0,0,0,0,0,0,0,2,1,1,0,0,0,0,0,0,0,0,1,0,0,0,0,0,0,0,0,0,0,0,1,0,0,0,1,0,0,0,0,0,0,1,0,0,1,0,0,0,0,0,0,0,0,0,0,0,0,0,1,1,0,0,0,1,0,0,0,0,0,0,0,0,0,0,0,1,0,0,0,0,0,0,0,0,0,2,0,0,0,0,0,0,0,0,0,1,0,2,0,0,0,0,0,0,0,0,0,0,2,1,1,1,0,1,3,0,1,0,0,3,0,0,2,0,0,1,0,0,0,0,0,output/source/training/positive/P-dolent-7.txt.csv,deceptive
0,0,0,1,0,0,0,0,0,0,0,0,1,0,0,0,1,1,0,0,0,1,0,0,0,0,0,1,0,0,0,0,0,0,0,0,0,0,0,0,0,0,1,0,1,0,0,1,0,1,0,0,0,0,1,0,0,2,0,0,0,0,0,0,0,0,0,0,0,0,1,1,0,0,0,0,0,0,1,0,0,0,0,1,0,0,0,0,0,0,0,0,0,0,0,0,0,0,0,0,0,1,0,1,1,0,0,1,0,1,0,0,0,0,1,0,0,1,0,1,0,0,1,0,0,0,0,1,0,2,0,1,3,0,0,0,1,0,0,1,3,1,0,3,1,0,0,1,1,6,2,0,2,2,3,1,0,0,1,1,1,2,3,0,0,0,2,2,output/source/training/positive/P-dolent-8.txt.csv,deceptive
0,0,0,0,0,0,0,0,0,0,0,0,0,0,0,0,1,0,0,0,0,0,0,0,0,0,0,0,0,0,0,0,0,0,0,0,0,0,0,0,0,0,0,0,0,0,2,1,0,1,0,0,0,0,0,1,0,0,0,0,0,0,0,0,0,1,1,1,0,0,0,0,0,1,0,0,1,0,1,0,0,0,0,0,0,0,0,0,0,0,0,0,0,0,0,0,0,0,1,0,0,3,0,0,0,0,0,0,0,0,0,0,0,1,0,0,1,3,0,0,0,0,0,1,0,0,1,0,0,0,0,0,1,0,0,0,0,0,1,0,0,0,0,0,0,0,1,1,2,2,2,0,2,1,1,0,1,0,0,2,0,0,2,0,4,0,0,1,output/source/training/positive/P-dolent-9.txt.csv,deceptive
1,0,0,0,0,0,0,0,0,0,0,0,0,0,0,0,0,1,0,0,0,0,0,0,0,0,1,0,0,0,0,0,0,0,0,0,0,0,0,0,0,0,0,0,0,0,0,1,0,0,0,0,0,0,0,0,0,0,0,0,0,0,0,0,0,0,0,0,0,0,0,0,0,0,0,1,0,0,0,0,0,0,2,0,0,0,0,0,0,0,0,0,0,0,0,0,0,0,0,1,0,0,1,1,1,1,0,0,0,0,0,0,0,3,0,0,0,0,0,0,0,1,1,0,1,0,1,0,0,0,0,0,0,0,0,1,1,0,2,0,1,0,1,1,1,0,0,0,1,1,0,0,3,1,2,0,3,0,1,2,0,0,5,0,0,0,0,0,output/source/training/negative/P-Non-Suspect-1.txt.csv,non-deceptive
1,0,0,0,0,0,0,0,0,0,0,0,0,0,0,0,0,0,0,0,0,2,0,0,1,1,0,0,0,0,0,0,0,0,0,0,1,0,0,1,0,0,0,0,0,0,0,0,0,1,0,0,0,0,0,1,3,0,0,0,0,0,0,0,0,1,0,2,0,0,0,0,0,0,0,0,0,3,0,0,0,0,1,0,0,0,1,0,0,1,0,0,1,1,1,0,0,0,0,0,1,0,0,1,0,0,0,0,0,1,0,0,0,1,0,1,0,0,0,0,2,1,0,0,1,1,0,0,1,0,1,2,1,1,0,0,1,1,1,0,0,0,0,4,0,2,4,1,0,2,3,1,2,4,2,2,1,1,3,1,5,1,1,0,0,0,0,1,output/source/training/negative/P-Non-Suspect-10.txt.csv,non-deceptive
0,0,0,0,0,0,0,0,1,0,0,0,0,0,0,0,0,0,1,0,0,1,4,1,1,0,0,0,0,0,0,1,0,0,1,0,0,0,0,1,0,0,0,0,0,1,1,0,0,0,0,0,0,0,0,0,0,0,2,0,0,0,0,0,0,0,0,1,0,0,0,0,0,0,0,0,1,0,0,0,0,0,0,0,0,0,0,1,1,0,0,1,0,0,0,0,0,2,0,0,1,0,0,1,0,0,0,2,0,2,0,0,0,3,1,0,1,0,1,1,0,2,1,1,0,0,0,0,0,0,3,0,0,0,1,0,2,1,4,0,3,0,1,1,2,1,1,0,1,2,1,2,4,1,2,0,2,1,0,1,6,0,1,0,0,0,2,1,output/source/training/negative/P-Non-Suspect-11.txt.csv,non-deceptive
0,0,0,0,0,0,0,1,0,2,0,0,0,0,0,0,0,0,0,0,0,0,0,0,0,1,3,0,0,0,0,0,0,0,0,0,0,1,0,1,0,0,0,0,1,0,0,1,0,0,0,0,0,0,0,0,0,0,1,0,0,0,0,0,0,0,1,0,0,0,0,0,0,0,0,0,0,0,0,0,0,0,1,0,0,0,0,0,0,0,1,0,0,3,0,0,1,0,0,0,0,3,0,0,0,0,0,0,0,0,1,0,0,2,0,1,0,0,0,0,0,1,0,0,0,2,3,0,0,0,0,0,0,0,0,0,0,0,1,3,0,0,2,0,0,1,1,3,1,1,1,0,0,1,0,0,3,0,1,0,0,0,2,0,0,0,0,0,output/source/training/negative/P-Non-Suspect-12.txt.csv,non-deceptive
0,0,0,0,0,0,0,0,0,4,1,0,0,0,0,0,0,0,0,0,0,0,0,0,0,0,0,0,0,0,0,0,0,0,0,0,1,0,0,1,0,0,1,0,0,0,2,0,0,0,0,0,0,0,0,0,0,0,1,0,0,0,0,0,1,0,1,0,0,0,0,1,0,0,0,0,0,0,0,0,0,0,0,0,0,0,0,1,0,0,0,0,0,1,0,0,0,0,1,0,1,1,0,0,0,0,0,0,0,1,3,0,0,2,0,1,0,0,0,0,0,0,1,0,0,2,1,0,0,0,0,2,0,0,1,1,0,1,1,3,0,0,1,0,0,0,2,1,0,0,0,0,0,0,0,1,2,1,1,1,1,3,3,0,0,0,1,0,output/source/training/negative/P-Non-Suspect-13.txt.csv,non-deceptive
0,0,0,0,0,0,0,0,0,1,0,0,0,0,0,0,0,0,1,0,0,0,0,1,0,0,0,0,0,0,0,0,0,0,0,0,0,0,0,1,0,0,0,3,0,0,0,0,0,0,0,0,0,0,0,0,0,0,0,0,0,0,0,0,0,0,0,0,0,0,0,1,1,0,0,0,0,0,0,0,0,0,1,0,0,0,0,0,0,0,0,0,0,1,0,1,1,0,0,0,0,3,0,0,0,1,0,0,0,2,0,1,0,2,0,1,2,0,0,0,0,1,0,0,2,0,3,0,0,0,0,0,0,0,0,0,1,0,1,0,0,0,2,0,0,1,1,0,2,2,0,1,1,0,0,0,1,2,1,2,1,0,2,0,0,0,0,0,output/source/training/negative/P-Non-Suspect-14.txt.csv,non-deceptive
0,0,0,0,0,0,0,0,0,0,0,0,0,0,0,0,0,0,0,0,0,0,0,0,0,0,0,0,0,0,0,0,1,0,0,0,0,0,0,1,0,1,0,0,0,0,0,0,0,0,1,0,0,0,0,0,0,0,1,0,0,0,0,0,0,0,0,0,0,0,0,1,0,0,0,0,0,0,0,0,0,0,0,0,0,0,0,0,0,0,0,0,0,0,0,0,0,1,0,0,0,0,0,0,0,0,1,0,1,0,1,0,0,0,0,0,0,0,0,0,0,0,0,0,0,0,0,0,0,0,0,0,0,0,2,1,0,0,0,1,0,0,0,0,0,0,0,0,0,0,0,0,0,1,0,1,0,1,1,1,0,0,0,0,1,0,0,0,output/source/training/negative/P-Non-Suspect-15.txt.csv,non-deceptive
0,0,0,0,0,0,0,1,0,0,1,0,0,1,0,0,0,1,0,2,0,0,0,1,0,0,0,0,0,0,0,0,1,0,0,0,0,0,0,1,0,0,0,1,0,1,1,1,1,1,2,0,1,0,0,0,0,0,0,0,0,0,0,0,1,0,1,0,0,0,0,0,0,0,0,0,0,0,0,0,2,0,1,0,0,1,1,0,0,0,0,0,0,0,0,0,1,0,0,0,2,1,0,0,0,0,1,1,0,0,1,0,0,1,0,1,0,0,0,0,0,0,0,0,1,1,1,0,0,0,1,1,0,0,2,1,4,1,0,1,0,0,4,2,0,0,0,3,0,4,3,1,0,3,2,2,0,7,3,2,1,4,1,0,0,0,0,1,output/source/training/negative/P-Non-Suspect-16.txt.csv,non-deceptive
0,0,1,0,0,0,0,0,1,0,2,0,0,1,0,0,0,1,0,0,0,0,1,0,1,2,0,0,0,0,0,0,1,0,0,1,0,1,0,0,0,0,0,0,1,2,0,2,0,0,1,0,0,0,0,0,0,0,0,0,0,0,1,0,0,0,1,2,0,0,0,0,0,0,0,0,1,0,0,0,0,1,0,0,0,0,0,0,0,0,0,0,1,0,0,0,0,0,1,0,1,1,0,0,0,0,2,0,1,0,1,1,0,0,1,2,4,1,0,1,0,0,0,0,0,0,1,0,0,1,0,5,0,0,2,1,3,1,0,1,0,0,1,2,0,2,1,2,0,3,1,2,1,1,1,2,0,8,1,3,3,3,1,1,1,0,0,0,output/source/training/negative/P-Non-Suspect-17.txt.csv,non-deceptive
0,0,0,0,0,0,0,0,0,1,0,0,1,0,0,0,0,0,0,1,0,0,0,3,1,0,0,0,1,0,0,0,0,0,0,0,0,0,0,2,0,0,0,0,3,0,2,0,0,0,1,0,0,0,0,0,0,0,0,0,0,0,0,0,0,0,0,1,0,1,0,0,1,0,0,0,2,0,0,0,0,0,1,0,0,0,0,0,0,0,0,0,1,0,0,0,0,1,0,0,0,0,0,1,0,0,2,1,0,0,1,1,0,1,0,1,0,0,0,0,0,1,0,0,0,1,0,1,0,0,0,3,0,1,1,1,2,1,0,0,1,0,1,1,0,0,1,2,0,6,3,0,1,3,0,3,0,6,1,0,2,1,0,0,0,0,1,2,output/source/training/negative/P-Non-Suspect-18.txt.csv,non-deceptive
0,0,0,0,0,0,0,0,2,1,0,0,0,1,0,0,0,0,0,2,0,1,0,3,1,0,0,0,0,0,0,0,4,0,0,0,0,0,1,2,0,0,0,0,2,0,3,0,1,0,1,1,0,1,0,0,0,0,3,0,0,1,0,0,0,0,1,1,0,1,0,0,0,0,0,0,0,0,0,0,0,1,0,0,0,0,0,0,0,0,0,0,0,0,0,1,0,2,1,0,1,0,0,1,0,2,1,2,0,0,2,0,2,3,0,2,1,0,2,1,0,0,1,0,0,0,0,1,0,0,0,0,1,0,3,2,0,1,0,1,1,0,0,1,0,1,3,2,1,4,4,1,0,1,1,5,0,6,1,0,0,2,3,0,1,0,0,3,output/source/training/negative/P-Non-Suspect-19.txt.csv,non-deceptive
0,0,0,0,0,0,0,0,0,0,0,0,0,1,0,0,0,0,0,0,0,0,0,0,0,0,0,0,0,0,0,0,0,0,0,1,0,0,0,0,0,0,0,0,0,0,0,1,0,0,0,0,0,0,0,0,1,0,0,0,0,0,0,0,0,0,0,0,0,1,0,0,0,0,0,3,0,0,0,1,0,0,0,0,1,0,0,0,0,0,0,2,0,0,0,0,0,0,0,0,0,0,0,0,0,1,0,0,0,0,0,0,1,0,0,0,0,0,1,0,1,0,0,1,0,2,0,0,0,0,0,0,0,0,0,1,0,0,1,0,1,0,2,0,1,1,0,1,1,0,1,1,0,0,3,2,0,2,0,0,0,1,1,0,1,0,0,1,output/source/training/negative/P-Non-Suspect-2.txt.csv,non-deceptive
0,0,0,0,0,0,0,0,0,1,0,0,0,0,0,0,0,0,0,0,0,0,0,0,0,0,0,0,0,0,1,0,0,0,0,0,0,0,0,0,0,0,0,0,0,0,0,0,0,0,0,0,0,0,0,0,0,0,0,0,0,0,0,0,0,0,0,0,0,0,0,0,0,0,0,0,0,0,0,0,0,0,0,0,0,0,0,0,0,0,0,0,0,1,0,0,0,0,0,0,0,1,0,0,0,0,0,0,1,0,0,0,0,1,0,0,0,0,0,0,0,0,0,0,0,0,0,0,0,0,0,0,0,0,0,0,0,0,0,1,0,0,0,1,0,0,0,0,1,0,0,0,1,0,2,0,0,1,0,1,0,0,0,0,0,0,0,0,output/source/training/negative/P-Non-Suspect-20.txt.csv,non-deceptive
0,0,0,0,0,0,0,0,0,0,0,0,0,0,0,1,0,0,0,2,0,0,0,1,0,0,0,0,0,0,0,0,0,0,1,0,1,0,0,0,0,0,0,0,0,0,0,0,0,0,1,0,0,1,0,0,0,0,0,0,0,0,0,0,1,0,1,0,0,0,0,0,0,0,0,0,0,2,0,0,0,1,0,0,0,0,0,0,2,0,0,0,1,0,1,1,2,0,0,0,0,0,0,0,0,0,1,0,0,0,3,3,1,1,0,0,3,0,1,0,1,1,0,2,1,0,0,0,0,0,0,0,0,0,0,0,0,4,0,0,1,0,0,0,0,0,0,0,0,0,0,0,2,0,0,3,0,1,1,0,0,0,1,1,0,0,0,1,output/source/training/negative/P-Non-Suspect-21.txt.csv,non-deceptive
0,0,0,0,0,0,0,0,0,0,1,0,0,1,0,0,0,0,0,1,0,0,0,0,1,0,0,0,0,0,0,1,0,0,1,0,0,0,0,0,0,0,0,0,0,0,3,0,0,0,1,0,0,0,1,0,0,0,0,0,0,0,0,1,0,0,0,1,0,0,0,0,0,0,0,0,0,1,0,0,0,0,0,0,0,0,0,0,0,0,1,0,3,1,0,2,3,0,0,0,0,0,0,0,0,0,0,0,0,0,2,3,2,0,0,0,0,0,1,1,0,2,0,2,0,0,0,0,1,0,0,0,0,1,0,0,0,1,0,0,0,0,0,0,0,0,0,1,0,3,0,0,1,1,0,1,0,3,0,0,1,3,1,1,0,1,0,0,output/source/training/negative/P-Non-Suspect-22.txt.csv,non-deceptive
0,0,0,0,0,0,0,0,0,0,0,0,0,0,0,0,0,0,0,0,0,0,0,0,0,0,0,0,0,0,0,0,1,0,0,0,0,0,0,0,0,0,0,0,0,0,2,0,0,0,1,0,0,0,0,0,0,0,0,0,0,0,1,2,0,1,0,0,1,1,0,0,0,0,0,0,0,0,0,0,1,1,0,0,0,0,1,0,0,0,0,0,0,3,0,2,1,0,0,1,0,1,1,0,0,0,1,0,0,0,0,2,0,0,0,0,0,0,0,0,0,0,0,0,0,0,0,2,1,0,0,1,0,0,0,0,0,0,0,0,0,0,0,0,0,0,2,1,1,1,1,1,1,0,1,0,1,1,1,0,0,1,0,0,0,0,0,0,output/source/training/negative/P-Non-Suspect-23.txt.csv,non-deceptive
0,0,1,0,0,0,0,1,1,0,0,0,0,0,0,0,0,0,0,0,0,0,0,0,0,0,0,0,0,0,0,0,0,0,0,0,0,0,0,0,0,0,0,0,0,0,0,0,0,0,1,0,0,0,0,0,0,0,0,0,0,1,0,0,0,0,2,0,0,0,0,0,0,0,0,1,0,1,0,0,0,1,0,0,0,0,1,0,0,0,1,0,1,0,0,1,0,1,0,1,0,0,0,0,0,0,0,0,3,0,0,0,0,1,0,0,1,0,0,0,1,2,1,1,0,0,1,2,1,0,0,1,0,1,1,1,1,0,1,1,0,0,0,0,0,1,0,0,0,0,2,0,0,0,2,2,2,1,0,4,3,1,1,0,0,0,0,1,output/source/training/negative/P-Non-Suspect-24.txt.csv,non-deceptive
0,0,0,0,0,0,0,0,0,0,0,0,0,0,0,0,0,1,0,0,0,0,0,1,0,0,0,0,0,0,0,0,0,0,0,0,0,0,0,0,0,0,1,0,0,0,0,0,0,0,0,0,0,0,0,0,0,0,1,1,0,0,1,0,0,0,0,0,0,0,0,0,0,0,0,0,0,0,0,0,0,0,0,0,0,0,0,0,0,0,0,0,1,0,0,0,0,0,0,0,0,0,2,0,0,0,1,0,0,1,0,0,1,1,0,0,0,0,0,0,0,0,0,0,0,0,0,0,1,0,0,0,0,0,0,0,0,0,0,0,0,0,0,0,2,1,0,1,0,0,0,0,0,1,0,1,1,0,0,2,0,0,2,0,0,0,0,2,output/source/training/negative/P-Non-Suspect-25.txt.csv,non-deceptive
0,0,0,0,0,0,0,0,0,0,0,1,0,0,0,0,0,0,0,0,0,0,1,0,0,0,0,0,0,0,0,0,0,2,0,0,0,0,0,0,0,1,0,0,1,0,0,0,0,0,0,0,0,1,0,0,0,1,0,0,3,0,0,0,0,0,0,0,1,0,0,0,0,0,0,0,4,0,0,2,2,1,0,0,0,0,0,0,1,0,0,1,0,1,0,0,0,0,0,0,0,0,0,1,0,1,0,0,0,0,0,1,0,0,1,1,0,0,0,0,0,1,0,1,0,2,0,0,1,0,1,0,0,0,0,2,0,0,0,1,0,0,0,0,4,0,0,1,1,1,0,1,1,0,1,1,0,3,1,1,1,0,4,1,0,0,1,0,output/source/training/negative/P-Non-Suspect-26.txt.csv,non-deceptive
1,0,0,0,0,0,0,1,0,0,1,0,0,0,0,1,0,0,0,0,0,0,1,0,1,0,0,0,0,0,0,0,0,0,1,0,0,0,0,0,0,0,0,0,0,0,0,0,0,0,0,0,0,0,0,0,0,0,1,0,0,0,0,0,0,0,0,0,0,0,0,0,1,0,0,0,0,0,0,4,0,0,0,0,0,0,0,0,1,0,2,1,0,1,0,1,0,0,0,0,0,0,0,0,0,0,0,0,0,0,0,1,1,1,1,0,0,0,0,1,0,0,0,2,0,1,1,0,1,0,1,2,0,0,1,0,1,0,1,0,0,0,1,1,0,1,1,1,1,0,0,0,1,1,1,1,1,1,0,2,0,4,2,1,0,0,0,0,output/source/training/negative/P-Non-Suspect-27.txt.csv,non-deceptive
0,0,0,0,0,0,0,0,0,0,0,0,0,0,0,1,0,0,0,0,0,1,1,0,1,0,0,0,0,0,0,0,0,0,0,1,2,0,0,0,1,0,0,0,0,0,0,0,0,0,0,0,0,0,0,0,0,1,0,0,0,0,0,0,0,0,0,0,0,0,0,0,0,0,0,0,0,0,0,2,0,0,0,0,0,0,0,0,0,1,1,0,0,0,1,0,0,0,0,0,0,2,0,0,0,0,0,0,0,0,0,1,1,3,1,0,0,0,0,1,1,1,0,2,0,1,2,0,1,0,1,0,0,0,1,0,3,1,4,2,0,0,0,1,0,0,0,1,0,0,0,0,2,0,1,4,1,0,2,3,0,4,2,1,0,0,0,0,output/source/training/negative/P-Non-Suspect-28.txt.csv,non-deceptive
0,0,0,1,0,0,0,0,0,1,0,0,0,0,0,1,0,0,0,1,0,0,0,0,0,0,0,0,0,0,0,0,2,0,0,0,0,0,0,0,0,0,0,0,0,0,0,0,0,0,0,0,0,0,0,0,0,0,0,0,0,0,0,0,0,0,1,0,0,0,0,1,0,0,0,0,0,0,0,2,0,1,0,0,2,0,0,0,0,0,0,0,0,0,0,1,1,0,0,0,0,0,1,1,0,1,0,1,1,0,0,0,1,0,0,0,0,0,0,1,0,0,0,2,0,1,1,1,0,0,0,2,1,0,0,0,2,0,4,1,0,0,0,1,0,0,0,1,2,0,0,0,2,1,0,1,1,0,0,2,1,0,4,0,0,0,0,0,output/source/training/negative/P-Non-Suspect-29.txt.csv,non-deceptive
1,0,0,0,0,0,0,0,0,1,0,0,0,0,0,0,0,1,0,0,0,0,0,0,0,1,1,0,0,0,0,0,0,0,0,0,0,0,0,1,0,0,0,0,0,0,1,0,0,0,0,0,0,0,1,0,0,0,0,0,0,0,0,0,0,0,0,0,0,0,0,0,0,0,0,1,0,0,0,0,0,1,0,0,0,0,0,0,0,0,1,0,0,0,0,1,0,0,0,0,1,0,0,0,0,1,0,0,0,0,0,0,0,3,0,0,0,0,0,0,0,0,2,0,0,0,2,0,0,0,0,0,0,0,2,1,0,0,1,1,0,0,0,0,0,1,0,0,0,2,0,2,0,1,0,0,1,3,0,0,1,0,1,0,0,0,0,0,output/source/training/negative/P-Non-Suspect-3.txt.csv,non-deceptive
0,0,0,3,0,1,0,0,0,0,0,0,0,0,0,0,0,0,0,0,0,0,0,0,0,0,0,0,0,0,2,0,0,0,0,0,0,0,0,1,0,0,0,1,0,0,0,0,0,0,0,0,0,0,0,0,0,0,0,0,0,0,1,0,0,0,0,0,0,0,0,0,0,0,0,0,0,0,0,0,2,0,0,0,0,0,0,1,0,2,0,0,0,0,0,0,0,0,0,0,1,0,0,0,0,0,0,1,0,1,0,0,1,0,2,0,0,0,0,0,2,1,0,0,0,0,1,0,1,0,1,0,0,0,0,0,0,0,1,0,0,0,1,0,0,1,1,0,1,0,0,1,1,0,1,0,1,1,4,1,2,1,0,0,0,1,0,0,output/source/training/negative/P-Non-Suspect-30.txt.csv,non-deceptive
0,0,0,4,0,0,0,0,0,0,0,0,0,0,0,0,0,0,0,0,0,0,0,0,0,0,0,0,0,0,0,0,0,0,0,0,0,0,0,0,0,0,0,1,0,0,0,0,0,1,0,0,0,0,0,0,0,0,0,0,0,0,0,0,0,0,0,0,0,0,0,0,0,0,0,0,0,0,1,0,0,0,0,0,0,0,0,1,0,0,0,0,0,0,0,0,0,0,0,0,0,0,0,0,0,0,0,0,0,0,0,0,1,1,2,0,0,0,0,0,1,0,0,0,0,0,1,0,0,0,1,0,0,0,1,2,0,0,1,1,1,0,0,0,0,0,0,0,1,0,0,2,1,1,1,1,1,3,3,3,1,1,1,1,0,1,0,0,output/source/training/negative/P-Non-Suspect-31.txt.csv,non-deceptive
0,0,0,6,0,1,0,0,0,0,0,0,0,0,0,0,0,0,0,0,0,0,0,0,0,0,0,0,0,0,0,0,0,0,0,0,0,0,0,0,0,0,0,1,0,0,0,0,0,0,0,0,0,0,0,0,0,0,0,0,0,0,1,0,0,0,0,0,0,0,0,0,0,0,0,0,0,0,0,0,0,0,0,0,0,0,0,1,0,0,0,0,0,0,1,0,0,0,1,0,1,0,0,0,1,0,0,0,0,0,0,0,0,2,2,1,0,1,0,1,0,0,0,0,0,1,2,0,2,0,0,0,0,0,0,4,0,0,2,0,1,0,0,0,0,2,1,0,2,1,0,3,2,1,1,1,1,3,0,1,1,3,1,1,0,0,0,0,output/source/training/negative/P-Non-Suspect-32.txt.csv,non-deceptive
0,0,0,5,1,0,0,0,0,0,0,0,0,0,0,0,0,0,0,0,0,2,0,1,0,0,1,0,0,0,0,0,0,0,0,0,0,0,0,0,0,0,0,0,0,1,0,0,0,0,0,0,0,0,0,0,0,0,0,0,0,1,0,0,0,0,0,0,0,0,0,0,0,0,0,0,0,0,0,0,0,0,0,0,2,0,0,2,2,0,0,0,0,0,0,0,0,0,2,0,0,0,0,0,2,0,0,0,0,0,0,0,0,0,2,1,1,0,0,0,0,0,0,1,0,0,2,0,1,0,0,0,0,0,0,0,0,1,1,2,0,1,1,2,1,0,2,0,1,1,1,3,1,0,2,1,2,2,1,0,4,1,1,0,0,0,0,0,output/source/training/negative/P-Non-Suspect-33.txt.csv,non-deceptive
0,0,0,0,2,0,0,0,0,0,0,0,0,0,0,2,0,0,1,1,0,0,0,0,0,0,0,0,0,0,0,1,0,0,0,0,0,0,1,0,0,0,0,0,0,0,0,0,2,0,0,0,0,0,0,0,0,0,0,0,0,0,0,0,0,1,0,0,0,1,0,1,0,0,0,0,0,0,0,0,0,0,0,0,0,0,0,0,0,0,0,0,0,0,0,0,0,0,0,1,0,0,0,0,0,0,3,0,0,1,0,0,0,0,0,0,1,0,0,0,0,0,0,1,0,1,1,0,3,0,0,0,0,0,1,0,1,4,0,0,1,0,0,0,0,1,2,0,3,0,2,1,2,1,0,2,0,2,0,1,5,2,2,0,2,0,0,0,output/source/training/negative/P-Non-Suspect-34.txt.csv,non-deceptive
0,1,0,0,0,0,0,0,0,0,0,0,0,1,0,0,0,0,0,0,0,0,0,0,0,0,0,0,0,2,0,0,0,0,0,1,0,0,1,0,0,0,0,0,0,0,0,0,2,0,1,0,0,0,0,0,0,0,0,0,0,0,0,2,1,0,1,1,0,1,0,1,2,0,0,0,1,0,0,0,0,0,0,0,0,1,0,2,0,0,0,0,0,2,0,0,1,0,3,5,0,1,1,0,0,0,1,1,0,1,0,0,0,0,0,2,2,0,1,0,0,0,0,0,3,0,0,0,1,0,0,1,2,1,0,0,2,3,0,0,0,0,0,0,0,0,2,0,0,2,2,0,1,1,1,1,5,3,2,0,4,4,3,0,2,0,0,0,output/source/training/negative/P-Non-Suspect-35.txt.csv,non-deceptive
0,2,0,0,0,0,0,0,0,0,0,0,0,0,0,0,0,0,0,1,0,0,0,0,0,0,0,0,0,1,0,1,0,0,0,0,0,0,1,0,0,0,0,0,0,1,0,0,1,0,0,0,0,0,0,0,0,0,0,0,0,1,0,0,1,0,0,0,0,1,0,0,0,0,0,0,0,0,2,0,0,0,0,0,0,0,0,1,0,0,0,0,0,1,0,0,0,0,1,0,0,0,0,0,1,1,1,0,0,0,0,0,0,0,0,0,3,0,1,0,0,0,0,0,2,1,0,2,0,0,0,0,0,1,0,2,0,0,2,0,1,1,1,2,0,0,2,4,0,1,0,1,1,1,0,2,4,1,2,0,3,2,1,0,0,0,0,0,output/source/training/negative/P-Non-Suspect-36.txt.csv,non-deceptive
0,1,0,0,0,0,0,0,0,0,0,0,0,0,0,0,0,0,0,0,1,0,0,0,0,0,0,0,0,0,0,0,0,0,0,0,0,0,1,0,0,0,1,0,1,0,0,0,1,0,0,0,0,0,0,0,0,0,0,0,0,2,0,0,1,0,0,0,0,0,0,0,2,0,0,0,0,0,0,0,0,0,0,0,0,0,0,0,0,0,0,1,0,0,2,0,0,0,2,0,0,0,0,0,1,0,0,0,0,0,0,0,0,0,0,1,1,0,1,0,0,0,2,1,3,0,0,0,0,0,0,0,0,0,0,0,0,0,0,1,0,0,3,2,0,0,0,0,0,0,0,2,0,0,1,3,4,0,1,0,3,2,0,0,0,0,0,0,output/source/training/negative/P-Non-Suspect-37.txt.csv,non-deceptive
0,0,0,0,0,0,0,0,0,0,0,0,0,0,0,0,0,0,1,0,1,0,0,0,1,0,0,0,0,0,0,0,0,0,0,0,0,0,0,0,1,0,0,0,0,0,0,0,0,1,0,0,0,0,0,0,1,0,0,0,1,0,2,0,0,0,0,0,1,0,0,0,0,0,0,0,0,0,0,0,0,0,1,0,1,1,0,0,0,0,0,0,0,0,0,0,1,0,0,1,0,0,0,0,0,0,0,0,0,0,1,1,0,0,0,0,0,0,0,0,0,0,0,0,1,0,0,1,0,0,0,0,0,0,0,0,0,0,0,1,1,3,2,1,0,0,0,1,1,0,2,1,0,0,0,2,1,0,2,1,4,0,2,0,0,1,0,0,output/source/training/negative/P-Non-Suspect-38.txt.csv,non-deceptive
0,0,0,0,0,0,0,0,0,0,0,0,0,0,0,0,0,0,0,0,0,0,0,0,0,0,0,0,0,0,0,0,0,0,0,0,0,0,0,0,0,0,0,0,0,0,0,0,0,0,0,0,0,0,0,0,0,0,0,1,1,0,0,0,0,0,0,0,0,0,1,0,0,0,0,0,0,0,0,0,0,0,0,0,2,0,0,0,0,0,0,0,0,0,0,0,1,0,0,0,0,0,0,0,0,1,0,0,0,0,0,0,0,0,0,0,0,0,0,0,0,0,0,1,1,0,0,0,0,1,1,0,0,0,0,1,0,0,0,0,1,1,1,1,0,0,0,0,1,0,0,1,0,0,0,0,1,0,0,1,1,0,2,0,0,0,0,0,output/source/training/negative/P-Non-Suspect-39.txt.csv,non-deceptive
0,0,0,0,0,1,0,0,0,0,0,1,0,0,0,0,0,0,0,0,0,1,1,0,0,0,0,0,0,0,0,0,0,1,0,0,0,0,0,0,0,0,0,0,0,0,1,0,0,1,0,0,0,0,0,0,0,0,0,0,0,0,0,0,0,0,1,1,0,0,0,0,0,0,0,1,0,0,1,1,0,0,0,0,0,0,0,0,0,0,0,2,1,0,0,0,0,0,0,0,0,1,0,0,0,0,0,2,0,1,0,0,0,0,0,0,2,0,0,0,0,1,0,1,0,1,0,0,0,1,0,0,1,0,1,2,0,0,0,1,0,0,1,2,2,2,2,1,0,0,0,2,0,0,6,5,1,0,2,3,2,4,3,0,0,0,0,0,output/source/training/negative/P-Non-Suspect-4.txt.csv,non-deceptive
0,0,0,0,0,0,0,0,0,0,0,0,0,0,1,0,0,0,0,0,0,0,0,0,0,0,0,0,0,0,0,0,0,0,0,0,0,0,0,0,0,0,0,0,0,0,0,0,0,0,0,1,1,0,0,0,0,0,0,0,0,0,0,0,1,0,0,0,1,0,3,0,0,0,0,0,0,0,0,3,0,0,0,0,0,0,0,0,0,1,1,0,0,1,0,1,0,0,0,0,0,0,0,1,0,0,0,0,1,0,0,0,0,3,0,0,0,2,0,0,0,0,0,0,0,2,5,0,0,1,1,0,0,0,0,3,0,0,1,0,0,1,2,0,0,0,0,0,0,0,1,0,2,1,0,0,1,3,3,2,2,1,1,0,0,0,0,0,output/source/training/negative/P-Non-Suspect-40.txt.csv,non-deceptive
0,0,0,0,1,0,0,0,0,0,0,0,0,0,0,0,0,0,0,0,0,0,1,0,1,0,1,0,0,0,0,0,0,1,1,0,0,0,0,0,0,0,0,0,0,0,0,0,0,0,0,0,0,1,1,0,1,0,2,0,0,0,0,1,0,0,1,0,1,0,0,0,0,0,0,0,0,0,0,0,0,0,0,0,0,1,0,0,0,1,0,0,0,0,1,1,0,1,0,0,0,0,1,0,0,0,0,1,3,0,0,2,2,1,0,0,0,1,0,1,2,0,1,0,0,0,1,0,0,1,0,2,1,1,0,2,0,1,2,1,0,4,2,1,0,0,0,0,0,0,1,0,0,2,2,1,1,0,0,0,2,2,0,0,0,2,0,0,output/source/training/negative/P-Non-Suspect-41.txt.csv,non-deceptive
0,0,0,0,1,3,0,0,0,0,1,0,0,0,0,0,0,0,0,1,0,0,1,1,0,2,0,0,0,0,0,0,0,0,2,0,1,1,0,0,0,0,0,1,0,1,0,0,0,0,0,0,0,0,0,0,0,0,0,0,0,0,0,0,0,0,2,0,0,1,0,0,0,0,0,1,0,0,1,0,0,0,0,0,0,0,0,0,0,0,0,1,0,0,1,2,2,1,1,1,0,1,0,1,0,0,1,0,0,0,0,1,0,1,0,0,0,0,0,1,0,3,0,0,1,0,0,0,0,1,0,2,1,0,1,1,2,1,2,2,3,1,0,1,3,1,3,2,0,2,2,3,0,2,1,2,2,3,1,2,3,3,1,0,1,0,0,1,output/source/training/negative/P-Non-Suspect-42.txt.csv,non-deceptive
0,0,0,0,1,1,0,0,1,0,0,0,0,0,0,0,0,0,0,0,1,0,1,0,0,0,0,0,0,0,0,0,0,0,2,0,2,0,0,0,0,0,0,1,0,0,0,1,0,0,0,0,0,0,1,0,0,0,0,0,0,1,0,0,0,1,0,1,1,4,0,1,0,0,0,0,0,0,0,0,0,1,0,0,1,1,0,0,0,0,0,0,0,0,3,0,0,2,1,1,0,1,0,0,0,1,0,0,0,0,0,0,0,0,0,0,3,1,0,0,0,1,0,3,0,0,0,0,0,0,0,2,2,0,2,1,2,0,1,1,2,2,0,0,1,0,1,3,0,2,5,3,0,4,2,1,1,3,0,1,4,4,2,0,0,0,0,2,output/source/training/negative/P-Non-Suspect-43.txt.csv,non-deceptive
0,0,0,0,2,0,0,0,0,0,0,0,2,0,0,0,0,0,0,0,0,0,1,0,0,0,0,0,0,0,0,0,0,0,0,0,2,0,0,0,1,0,1,0,0,1,0,0,0,0,0,0,0,0,0,0,0,0,0,0,0,0,0,0,0,1,0,0,0,0,1,1,0,0,0,0,0,0,0,0,0,0,0,0,1,2,0,0,0,0,0,0,0,0,1,0,2,0,0,0,0,0,0,1,2,0,0,0,1,0,1,0,1,0,0,1,0,0,0,0,0,0,0,1,0,0,0,0,0,0,0,0,0,0,0,0,0,0,0,0,3,2,5,1,2,0,4,2,0,5,7,0,0,0,1,0,0,2,0,2,0,2,2,0,0,0,0,0,output/source/training/negative/P-Non-Suspect-44.txt.csv,non-deceptive
0,0,0,1,0,1,0,0,0,0,0,1,0,0,1,0,0,0,1,0,0,0,1,0,0,0,3,0,0,0,0,0,0,0,0,0,0,0,0,0,0,1,1,1,0,0,1,1,0,2,0,0,0,1,1,0,0,0,6,0,0,1,0,1,0,0,0,1,0,1,0,0,0,0,0,0,2,0,0,0,0,0,1,0,0,0,0,1,2,1,2,0,0,2,5,0,0,1,1,0,0,0,0,0,5,0,0,0,0,1,0,0,2,5,0,0,0,0,0,0,0,1,0,1,0,1,2,0,0,0,0,0,1,2,0,0,2,0,0,0,1,1,2,7,2,0,1,3,0,3,5,3,1,3,2,2,1,3,6,1,0,2,2,0,0,0,0,1,output/source/training/negative/P-Non-Suspect-45.txt.csv,non-deceptive
1,0,0,0,0,0,0,0,1,0,0,2,0,0,0,0,0,1,1,0,0,0,0,0,1,0,0,0,0,0,0,0,0,0,0,0,0,0,0,0,0,0,0,1,1,0,2,0,0,0,0,0,0,0,0,0,0,0,1,0,0,0,2,0,1,0,0,1,1,0,1,1,0,0,0,1,0,0,0,0,0,0,1,0,1,0,1,0,0,1,1,1,0,0,0,0,1,0,0,0,1,2,0,0,1,1,0,0,0,0,1,1,0,1,0,0,1,0,0,0,0,1,4,2,1,0,3,1,0,0,0,0,0,1,4,0,0,0,4,0,0,0,1,1,3,1,0,2,1,1,1,5,1,2,3,1,9,0,1,1,2,0,2,0,0,0,1,0,output/source/training/negative/P-Non-Suspect-5.txt.csv,non-deceptive
0,0,0,0,0,3,0,0,2,0,0,0,0,0,0,0,0,0,0,0,0,0,0,0,0,0,0,0,0,1,1,0,0,0,0,0,0,0,0,1,0,0,1,1,0,0,0,2,0,0,0,0,0,0,0,0,0,0,2,0,0,0,0,0,0,0,0,2,0,0,0,0,0,1,0,0,0,0,0,1,0,1,1,0,1,0,0,0,0,0,2,1,1,0,0,0,0,0,0,0,0,1,0,0,0,1,0,0,2,0,0,1,0,0,0,0,2,0,0,1,2,2,0,3,0,0,1,1,0,1,0,0,2,1,0,8,0,0,2,2,1,0,0,1,3,0,0,0,3,1,5,0,0,2,5,2,0,10,2,4,5,2,4,0,0,0,0,1,output/source/training/negative/P-Non-Suspect-6.txt.csv,non-deceptive
1,0,0,0,0,0,0,1,0,1,1,1,0,0,1,0,0,0,0,0,2,0,0,0,0,0,1,1,1,0,0,0,0,0,1,0,0,0,0,1,0,1,1,0,0,1,2,0,0,0,0,0,0,0,1,0,0,0,1,0,0,1,0,0,0,1,0,1,1,0,0,0,1,0,0,2,2,0,0,0,0,0,1,0,2,0,0,0,1,0,1,0,0,1,0,0,0,0,0,1,0,0,0,0,0,0,0,0,0,0,0,0,1,0,0,0,1,1,0,1,0,0,0,1,0,1,3,0,1,0,2,0,0,1,2,0,2,0,0,0,2,0,1,0,2,1,1,1,0,0,2,2,0,2,3,2,0,2,1,0,0,2,1,0,0,0,0,1,output/source/training/negative/P-Non-Suspect-7.txt.csv,non-deceptive
0,0,0,0,0,0,0,0,0,0,0,0,0,0,0,0,1,0,0,0,0,0,0,0,0,0,0,0,0,0,1,0,0,0,0,0,0,0,0,0,0,0,0,3,0,1,0,1,0,0,0,0,0,0,0,0,0,0,1,0,0,0,0,0,0,1,0,2,0,0,0,0,0,0,0,0,0,0,1,0,0,1,0,0,0,0,1,0,0,0,0,1,1,0,0,0,0,1,0,0,0,1,0,0,0,1,0,0,2,0,0,1,2,0,0,0,1,0,0,1,2,2,0,5,0,1,0,0,0,1,0,0,1,0,0,0,0,0,0,0,1,0,0,1,5,0,0,1,0,0,0,0,1,2,3,2,0,1,1,2,4,2,2,0,0,0,0,4,output/source/training/negative/P-Non-Suspect-8.txt.csv,non-deceptive
0,0,0,1,0,0,0,0,1,0,0,1,0,0,0,0,0,0,0,0,0,0,2,0,0,0,0,1,0,0,0,0,0,0,1,0,1,0,0,0,0,0,0,0,0,0,0,0,0,1,0,0,0,0,0,0,0,0,0,0,0,0,0,0,0,0,0,1,0,0,0,0,0,0,0,0,0,0,1,1,0,1,0,0,0,0,0,0,0,1,0,0,0,0,1,0,0,0,0,0,0,1,0,0,0,0,0,0,1,0,0,0,0,0,1,0,0,0,0,0,0,0,0,0,0,1,0,0,1,0,3,0,0,0,0,2,1,0,1,0,1,1,0,4,0,1,1,0,4,3,3,1,2,1,1,0,0,0,1,0,1,4,5,0,0,0,0,0,output/source/training/negative/P-Non-Suspect-9.txt.csv,non-deceptive
0,0,0,0,0,0,0,0,0,0,0,0,0,0,1,0,0,0,0,0,0,0,0,0,0,0,0,0,0,0,0,0,0,0,0,1,0,0,0,0,0,0,0,0,0,0,0,0,0,0,1,0,0,0,0,0,0,0,0,0,0,1,1,0,0,0,0,0,0,0,0,0,0,0,0,0,0,0,0,0,0,0,0,0,0,1,0,0,0,0,0,0,0,0,0,0,0,0,1,0,0,0,0,0,0,0,0,0,1,0,0,0,0,0,1,0,0,0,0,0,0,0,1,0,1,0,2,0,0,0,0,0,0,0,0,0,0,0,2,0,1,0,0,2,0,0,0,0,1,0,0,2,1,0,1,0,4,0,2,0,3,2,0,0,0,0,0,0,output/source/testing/negative/tsDOLENT-1.txt.csv,non-deceptive
0,0,0,0,0,0,0,0,0,0,0,0,0,0,0,0,0,0,0,0,0,0,0,0,0,0,0,0,0,0,0,0,0,0,1,0,0,0,0,0,0,0,0,0,0,0,0,0,0,0,0,0,0,1,1,0,0,0,0,0,0,0,0,1,0,0,0,0,0,0,0,0,0,0,0,0,0,0,0,0,0,0,0,0,0,0,1,0,0,0,0,0,0,0,0,0,0,0,0,1,0,0,0,0,1,0,0,0,0,0,0,0,0,0,0,0,0,0,0,1,0,0,1,0,0,0,0,0,0,0,0,0,0,0,0,0,0,0,0,0,0,0,0,0,0,0,0,0,0,0,0,0,0,0,1,0,0,2,0,1,0,1,1,0,0,0,0,0,output/source/testing/negative/tsDOLENT-2.txt.csv,non-deceptive
0,0,0,0,0,0,0,0,0,0,0,0,0,0,0,0,0,0,0,0,0,0,0,0,0,0,0,0,0,0,1,0,1,0,0,0,0,0,0,0,0,0,0,0,0,0,0,0,0,0,0,0,0,0,0,0,0,0,0,3,0,0,0,0,0,0,0,0,0,0,0,3,0,0,0,0,0,0,0,0,0,0,0,0,0,0,0,0,0,0,0,0,0,0,0,0,0,0,0,0,3,1,0,0,0,0,0,0,1,0,0,0,0,0,0,0,0,0,0,0,0,0,0,2,0,0,0,2,0,0,0,0,0,0,0,0,0,0,0,1,0,0,1,1,0,0,0,2,1,0,1,0,1,2,0,3,0,0,0,0,0,2,0,0,0,0,0,2,output/source/testing/negative/tsDOLENT-3.txt.csv,non-deceptive
0,0,0,0,0,0,0,0,0,0,0,0,0,0,0,0,0,0,0,0,0,0,0,0,0,0,0,0,0,0,0,0,0,0,0,1,0,0,1,0,0,0,0,2,0,0,0,0,0,0,0,0,0,0,0,0,0,0,0,1,0,0,0,0,0,0,0,0,0,0,0,2,0,1,0,0,0,0,0,1,0,0,0,0,0,0,0,0,0,0,0,0,0,0,0,0,0,0,1,0,0,0,0,0,1,0,0,0,0,0,0,0,0,1,0,0,0,0,0,0,0,0,0,1,0,0,1,0,0,0,0,0,0,1,0,0,1,0,3,1,0,1,1,1,0,0,0,1,1,1,1,0,0,2,1,1,4,1,0,0,0,1,1,0,0,0,0,0,output/source/testing/negative/tsDOLENT-4.txt.csv,non-deceptive
0,0,0,0,0,0,0,1,0,0,0,0,0,0,0,0,0,0,0,0,0,0,0,0,0,0,0,0,0,0,0,1,1,1,0,0,0,0,0,0,0,0,0,0,0,0,0,0,0,0,0,0,0,0,0,0,1,0,0,0,0,0,0,0,0,0,0,0,0,0,0,0,0,0,0,0,0,0,0,0,0,0,2,0,0,0,0,0,0,0,0,0,1,0,0,1,0,0,0,0,0,0,0,0,0,1,0,0,0,0,0,0,0,0,0,0,0,0,0,1,4,1,0,0,0,0,0,0,0,0,2,1,1,0,1,2,0,1,0,0,3,0,1,0,0,0,3,0,2,2,1,1,0,1,2,3,0,0,1,2,0,1,0,0,0,0,0,1,output/source/testing/negative/tsDOLENT-5.txt.csv,non-deceptive
0,0,0,0,0,0,0,0,0,0,0,0,0,0,0,0,0,1,0,0,0,0,0,0,0,0,0,0,0,0,0,0,0,0,0,0,0,0,0,0,0,0,0,1,0,0,0,0,0,1,0,0,0,0,0,0,0,0,0,0,0,0,0,0,0,0,0,0,0,0,0,0,0,0,0,0,0,0,0,0,0,0,0,0,0,0,0,0,0,0,0,0,0,0,0,1,0,0,0,0,0,0,0,0,0,0,0,0,1,0,0,0,0,1,0,2,0,0,0,0,0,1,0,0,0,3,1,0,0,0,1,0,0,0,0,0,1,0,0,0,0,0,0,0,1,0,0,2,0,1,1,2,0,0,2,1,0,0,1,0,0,0,0,0,0,0,0,0,output/source/testing/negative/tsDOLENT-6.txt.csv,non-deceptive
0,0,0,0,0,1,0,0,1,0,0,0,0,0,0,0,0,0,0,0,0,0,0,0,0,0,0,0,0,0,0,0,0,0,0,0,0,0,0,0,0,0,0,0,0,0,0,0,0,0,0,0,2,0,0,0,0,0,0,0,0,0,0,0,0,0,0,0,1,0,0,0,0,0,0,1,0,0,0,0,0,0,2,0,0,0,0,0,0,0,0,2,0,0,0,0,0,0,0,0,0,0,0,0,0,2,0,0,0,0,0,0,0,0,0,1,0,0,1,0,1,0,0,2,0,1,1,1,0,3,1,1,1,0,1,0,0,0,0,1,1,0,1,0,0,0,0,2,1,1,1,1,1,2,0,1,0,1,0,0,0,1,0,0,1,0,1,1,output/source/testing/negative/tsDOLENT-7.txt.csv,non-deceptive
1,0,0,0,0,0,0,0,0,0,0,0,0,0,0,0,0,1,0,0,0,0,0,0,0,0,1,0,0,0,0,0,0,0,0,0,0,0,0,0,0,0,0,0,0,0,0,1,0,0,0,0,0,0,0,0,0,0,0,0,0,0,0,0,0,0,0,0,0,0,0,0,0,0,0,1,0,0,0,0,0,0,2,0,0,0,0,0,0,0,0,0,0,0,0,0,0,0,0,1,0,0,1,1,1,1,0,0,0,0,0,0,0,3,0,0,0,0,0,0,0,1,1,0,1,0,1,0,0,0,0,0,0,0,0,1,1,0,2,0,1,0,1,1,1,0,0,0,1,1,0,0,3,1,2,0,3,0,1,2,0,0,5,0,0,0,0,0,output/source/training/negative/P-Non-Suspect-1.txt.csv,non-deceptive
1,0,0,0,0,0,0,0,0,0,0,0,0,0,0,0,0,0,0,0,0,2,0,0,1,1,0,0,0,0,0,0,0,0,0,0,1,0,0,1,0,0,0,0,0,0,0,0,0,1,0,0,0,0,0,1,3,0,0,0,0,0,0,0,0,1,0,2,0,0,0,0,0,0,0,0,0,3,0,0,0,0,1,0,0,0,1,0,0,1,0,0,1,1,1,0,0,0,0,0,1,0,0,1,0,0,0,0,0,1,0,0,0,1,0,1,0,0,0,0,2,1,0,0,1,1,0,0,1,0,1,2,1,1,0,0,1,1,1,0,0,0,0,4,0,2,4,1,0,2,3,1,2,4,2,2,1,1,3,1,5,1,1,0,0,0,0,1,output/source/training/negative/P-Non-Suspect-10.txt.csv,non-deceptive
0,0,0,0,0,0,0,0,1,0,0,0,0,0,0,0,0,0,1,0,0,1,4,1,1,0,0,0,0,0,0,1,0,0,1,0,0,0,0,1,0,0,0,0,0,1,1,0,0,0,0,0,0,0,0,0,0,0,2,0,0,0,0,0,0,0,0,1,0,0,0,0,0,0,0,0,1,0,0,0,0,0,0,0,0,0,0,1,1,0,0,1,0,0,0,0,0,2,0,0,1,0,0,1,0,0,0,2,0,2,0,0,0,3,1,0,1,0,1,1,0,2,1,1,0,0,0,0,0,0,3,0,0,0,1,0,2,1,4,0,3,0,1,1,2,1,1,0,1,2,1,2,4,1,2,0,2,1,0,1,6,0,1,0,0,0,2,1,output/source/training/negative/P-Non-Suspect-11.txt.csv,non-deceptive
0,0,0,0,0,0,0,1,0,2,0,0,0,0,0,0,0,0,0,0,0,0,0,0,0,1,3,0,0,0,0,0,0,0,0,0,0,1,0,1,0,0,0,0,1,0,0,1,0,0,0,0,0,0,0,0,0,0,1,0,0,0,0,0,0,0,1,0,0,0,0,0,0,0,0,0,0,0,0,0,0,0,1,0,0,0,0,0,0,0,1,0,0,3,0,0,1,0,0,0,0,3,0,0,0,0,0,0,0,0,1,0,0,2,0,1,0,0,0,0,0,1,0,0,0,2,3,0,0,0,0,0,0,0,0,0,0,0,1,3,0,0,2,0,0,1,1,3,1,1,1,0,0,1,0,0,3,0,1,0,0,0,2,0,0,0,0,0,output/source/training/negative/P-Non-Suspect-12.txt.csv,non-deceptive
0,0,0,0,0,0,0,0,0,4,1,0,0,0,0,0,0,0,0,0,0,0,0,0,0,0,0,0,0,0,0,0,0,0,0,0,1,0,0,1,0,0,1,0,0,0,2,0,0,0,0,0,0,0,0,0,0,0,1,0,0,0,0,0,1,0,1,0,0,0,0,1,0,0,0,0,0,0,0,0,0,0,0,0,0,0,0,1,0,0,0,0,0,1,0,0,0,0,1,0,1,1,0,0,0,0,0,0,0,1,3,0,0,2,0,1,0,0,0,0,0,0,1,0,0,2,1,0,0,0,0,2,0,0,1,1,0,1,1,3,0,0,1,0,0,0,2,1,0,0,0,0,0,0,0,1,2,1,1,1,1,3,3,0,0,0,1,0,output/source/training/negative/P-Non-Suspect-13.txt.csv,non-deceptive
0,0,0,0,0,0,0,0,0,1,0,0,0,0,0,0,0,0,1,0,0,0,0,1,0,0,0,0,0,0,0,0,0,0,0,0,0,0,0,1,0,0,0,3,0,0,0,0,0,0,0,0,0,0,0,0,0,0,0,0,0,0,0,0,0,0,0,0,0,0,0,1,1,0,0,0,0,0,0,0,0,0,1,0,0,0,0,0,0,0,0,0,0,1,0,1,1,0,0,0,0,3,0,0,0,1,0,0,0,2,0,1,0,2,0,1,2,0,0,0,0,1,0,0,2,0,3,0,0,0,0,0,0,0,0,0,1,0,1,0,0,0,2,0,0,1,1,0,2,2,0,1,1,0,0,0,1,2,1,2,1,0,2,0,0,0,0,0,output/source/training/negative/P-Non-Suspect-14.txt.csv,non-deceptive
0,0,0,0,0,0,0,0,0,0,0,0,0,0,0,0,0,0,0,0,0,0,0,0,0,0,0,0,0,0,0,0,1,0,0,0,0,0,0,1,0,1,0,0,0,0,0,0,0,0,1,0,0,0,0,0,0,0,1,0,0,0,0,0,0,0,0,0,0,0,0,1,0,0,0,0,0,0,0,0,0,0,0,0,0,0,0,0,0,0,0,0,0,0,0,0,0,1,0,0,0,0,0,0,0,0,1,0,1,0,1,0,0,0,0,0,0,0,0,0,0,0,0,0,0,0,0,0,0,0,0,0,0,0,2,1,0,0,0,1,0,0,0,0,0,0,0,0,0,0,0,0,0,1,0,1,0,1,1,1,0,0,0,0,1,0,0,0,output/source/training/negative/P-Non-Suspect-15.txt.csv,non-deceptive
0,0,0,0,0,0,0,1,0,0,1,0,0,1,0,0,0,1,0,2,0,0,0,1,0,0,0,0,0,0,0,0,1,0,0,0,0,0,0,1,0,0,0,1,0,1,1,1,1,1,2,0,1,0,0,0,0,0,0,0,0,0,0,0,1,0,1,0,0,0,0,0,0,0,0,0,0,0,0,0,2,0,1,0,0,1,1,0,0,0,0,0,0,0,0,0,1,0,0,0,2,1,0,0,0,0,1,1,0,0,1,0,0,1,0,1,0,0,0,0,0,0,0,0,1,1,1,0,0,0,1,1,0,0,2,1,4,1,0,1,0,0,4,2,0,0,0,3,0,4,3,1,0,3,2,2,0,7,3,2,1,4,1,0,0,0,0,1,output/source/training/negative/P-Non-Suspect-16.txt.csv,non-deceptive
0,0,1,0,0,0,0,0,1,0,2,0,0,1,0,0,0,1,0,0,0,0,1,0,1,2,0,0,0,0,0,0,1,0,0,1,0,1,0,0,0,0,0,0,1,2,0,2,0,0,1,0,0,0,0,0,0,0,0,0,0,0,1,0,0,0,1,2,0,0,0,0,0,0,0,0,1,0,0,0,0,1,0,0,0,0,0,0,0,0,0,0,1,0,0,0,0,0,1,0,1,1,0,0,0,0,2,0,1,0,1,1,0,0,1,2,4,1,0,1,0,0,0,0,0,0,1,0,0,1,0,5,0,0,2,1,3,1,0,1,0,0,1,2,0,2,1,2,0,3,1,2,1,1,1,2,0,8,1,3,3,3,1,1,1,0,0,0,output/source/training/negative/P-Non-Suspect-17.txt.csv,non-deceptive
0,0,0,0,0,0,0,0,0,1,0,0,1,0,0,0,0,0,0,1,0,0,0,3,1,0,0,0,1,0,0,0,0,0,0,0,0,0,0,2,0,0,0,0,3,0,2,0,0,0,1,0,0,0,0,0,0,0,0,0,0,0,0,0,0,0,0,1,0,1,0,0,1,0,0,0,2,0,0,0,0,0,1,0,0,0,0,0,0,0,0,0,1,0,0,0,0,1,0,0,0,0,0,1,0,0,2,1,0,0,1,1,0,1,0,1,0,0,0,0,0,1,0,0,0,1,0,1,0,0,0,3,0,1,1,1,2,1,0,0,1,0,1,1,0,0,1,2,0,6,3,0,1,3,0,3,0,6,1,0,2,1,0,0,0,0,1,2,output/source/training/negative/P-Non-Suspect-18.txt.csv,non-deceptive
0,0,0,0,0,0,0,0,2,1,0,0,0,1,0,0,0,0,0,2,0,1,0,3,1,0,0,0,0,0,0,0,4,0,0,0,0,0,1,2,0,0,0,0,2,0,3,0,1,0,1,1,0,1,0,0,0,0,3,0,0,1,0,0,0,0,1,1,0,1,0,0,0,0,0,0,0,0,0,0,0,1,0,0,0,0,0,0,0,0,0,0,0,0,0,1,0,2,1,0,1,0,0,1,0,2,1,2,0,0,2,0,2,3,0,2,1,0,2,1,0,0,1,0,0,0,0,1,0,0,0,0,1,0,3,2,0,1,0,1,1,0,0,1,0,1,3,2,1,4,4,1,0,1,1,5,0,6,1,0,0,2,3,0,1,0,0,3,output/source/training/negative/P-Non-Suspect-19.txt.csv,non-deceptive
0,0,0,0,0,0,0,0,0,0,0,0,0,1,0,0,0,0,0,0,0,0,0,0,0,0,0,0,0,0,0,0,0,0,0,1,0,0,0,0,0,0,0,0,0,0,0,1,0,0,0,0,0,0,0,0,1,0,0,0,0,0,0,0,0,0,0,0,0,1,0,0,0,0,0,3,0,0,0,1,0,0,0,0,1,0,0,0,0,0,0,2,0,0,0,0,0,0,0,0,0,0,0,0,0,1,0,0,0,0,0,0,1,0,0,0,0,0,1,0,1,0,0,1,0,2,0,0,0,0,0,0,0,0,0,1,0,0,1,0,1,0,2,0,1,1,0,1,1,0,1,1,0,0,3,2,0,2,0,0,0,1,1,0,1,0,0,1,output/source/training/negative/P-Non-Suspect-2.txt.csv,non-deceptive
0,0,0,0,0,0,0,0,0,1,0,0,0,0,0,0,0,0,0,0,0,0,0,0,0,0,0,0,0,0,1,0,0,0,0,0,0,0,0,0,0,0,0,0,0,0,0,0,0,0,0,0,0,0,0,0,0,0,0,0,0,0,0,0,0,0,0,0,0,0,0,0,0,0,0,0,0,0,0,0,0,0,0,0,0,0,0,0,0,0,0,0,0,1,0,0,0,0,0,0,0,1,0,0,0,0,0,0,1,0,0,0,0,1,0,0,0,0,0,0,0,0,0,0,0,0,0,0,0,0,0,0,0,0,0,0,0,0,0,1,0,0,0,1,0,0,0,0,1,0,0,0,1,0,2,0,0,1,0,1,0,0,0,0,0,0,0,0,output/source/training/negative/P-Non-Suspect-20.txt.csv,non-deceptive
0,0,0,0,0,0,0,0,0,0,0,0,0,0,0,1,0,0,0,2,0,0,0,1,0,0,0,0,0,0,0,0,0,0,1,0,1,0,0,0,0,0,0,0,0,0,0,0,0,0,1,0,0,1,0,0,0,0,0,0,0,0,0,0,1,0,1,0,0,0,0,0,0,0,0,0,0,2,0,0,0,1,0,0,0,0,0,0,2,0,0,0,1,0,1,1,2,0,0,0,0,0,0,0,0,0,1,0,0,0,3,3,1,1,0,0,3,0,1,0,1,1,0,2,1,0,0,0,0,0,0,0,0,0,0,0,0,4,0,0,1,0,0,0,0,0,0,0,0,0,0,0,2,0,0,3,0,1,1,0,0,0,1,1,0,0,0,1,output/source/training/negative/P-Non-Suspect-21.txt.csv,non-deceptive
0,0,0,0,0,0,0,0,0,0,1,0,0,1,0,0,0,0,0,1,0,0,0,0,1,0,0,0,0,0,0,1,0,0,1,0,0,0,0,0,0,0,0,0,0,0,3,0,0,0,1,0,0,0,1,0,0,0,0,0,0,0,0,1,0,0,0,1,0,0,0,0,0,0,0,0,0,1,0,0,0,0,0,0,0,0,0,0,0,0,1,0,3,1,0,2,3,0,0,0,0,0,0,0,0,0,0,0,0,0,2,3,2,0,0,0,0,0,1,1,0,2,0,2,0,0,0,0,1,0,0,0,0,1,0,0,0,1,0,0,0,0,0,0,0,0,0,1,0,3,0,0,1,1,0,1,0,3,0,0,1,3,1,1,0,1,0,0,output/source/training/negative/P-Non-Suspect-22.txt.csv,non-deceptive
0,0,0,0,0,0,0,0,0,0,0,0,0,0,0,0,0,0,0,0,0,0,0,0,0,0,0,0,0,0,0,0,1,0,0,0,0,0,0,0,0,0,0,0,0,0,2,0,0,0,1,0,0,0,0,0,0,0,0,0,0,0,1,2,0,1,0,0,1,1,0,0,0,0,0,0,0,0,0,0,1,1,0,0,0,0,1,0,0,0,0,0,0,3,0,2,1,0,0,1,0,1,1,0,0,0,1,0,0,0,0,2,0,0,0,0,0,0,0,0,0,0,0,0,0,0,0,2,1,0,0,1,0,0,0,0,0,0,0,0,0,0,0,0,0,0,2,1,1,1,1,1,1,0,1,0,1,1,1,0,0,1,0,0,0,0,0,0,output/source/training/negative/P-Non-Suspect-23.txt.csv,non-deceptive
0,0,1,0,0,0,0,1,1,0,0,0,0,0,0,0,0,0,0,0,0,0,0,0,0,0,0,0,0,0,0,0,0,0,0,0,0,0,0,0,0,0,0,0,0,0,0,0,0,0,1,0,0,0,0,0,0,0,0,0,0,1,0,0,0,0,2,0,0,0,0,0,0,0,0,1,0,1,0,0,0,1,0,0,0,0,1,0,0,0,1,0,1,0,0,1,0,1,0,1,0,0,0,0,0,0,0,0,3,0,0,0,0,1,0,0,1,0,0,0,1,2,1,1,0,0,1,2,1,0,0,1,0,1,1,1,1,0,1,1,0,0,0,0,0,1,0,0,0,0,2,0,0,0,2,2,2,1,0,4,3,1,1,0,0,0,0,1,output/source/training/negative/P-Non-Suspect-24.txt.csv,non-deceptive
0,0,0,0,0,0,0,0,0,0,0,0,0,0,0,0,0,1,0,0,0,0,0,1,0,0,0,0,0,0,0,0,0,0,0,0,0,0,0,0,0,0,1,0,0,0,0,0,0,0,0,0,0,0,0,0,0,0,1,1,0,0,1,0,0,0,0,0,0,0,0,0,0,0,0,0,0,0,0,0,0,0,0,0,0,0,0,0,0,0,0,0,1,0,0,0,0,0,0,0,0,0,2,0,0,0,1,0,0,1,0,0,1,1,0,0,0,0,0,0,0,0,0,0,0,0,0,0,1,0,0,0,0,0,0,0,0,0,0,0,0,0,0,0,2,1,0,1,0,0,0,0,0,1,0,1,1,0,0,2,0,0,2,0,0,0,0,2,output/source/training/negative/P-Non-Suspect-25.txt.csv,non-deceptive
0,0,0,0,0,0,0,0,0,0,0,1,0,0,0,0,0,0,0,0,0,0,1,0,0,0,0,0,0,0,0,0,0,2,0,0,0,0,0,0,0,1,0,0,1,0,0,0,0,0,0,0,0,1,0,0,0,1,0,0,3,0,0,0,0,0,0,0,1,0,0,0,0,0,0,0,4,0,0,2,2,1,0,0,0,0,0,0,1,0,0,1,0,1,0,0,0,0,0,0,0,0,0,1,0,1,0,0,0,0,0,1,0,0,1,1,0,0,0,0,0,1,0,1,0,2,0,0,1,0,1,0,0,0,0,2,0,0,0,1,0,0,0,0,4,0,0,1,1,1,0,1,1,0,1,1,0,3,1,1,1,0,4,1,0,0,1,0,output/source/training/negative/P-Non-Suspect-26.txt.csv,non-deceptive
1,0,0,0,0,0,0,1,0,0,1,0,0,0,0,1,0,0,0,0,0,0,1,0,1,0,0,0,0,0,0,0,0,0,1,0,0,0,0,0,0,0,0,0,0,0,0,0,0,0,0,0,0,0,0,0,0,0,1,0,0,0,0,0,0,0,0,0,0,0,0,0,1,0,0,0,0,0,0,4,0,0,0,0,0,0,0,0,1,0,2,1,0,1,0,1,0,0,0,0,0,0,0,0,0,0,0,0,0,0,0,1,1,1,1,0,0,0,0,1,0,0,0,2,0,1,1,0,1,0,1,2,0,0,1,0,1,0,1,0,0,0,1,1,0,1,1,1,1,0,0,0,1,1,1,1,1,1,0,2,0,4,2,1,0,0,0,0,output/source/training/negative/P-Non-Suspect-27.txt.csv,non-deceptive
0,0,0,0,0,0,0,0,0,0,0,0,0,0,0,1,0,0,0,0,0,1,1,0,1,0,0,0,0,0,0,0,0,0,0,1,2,0,0,0,1,0,0,0,0,0,0,0,0,0,0,0,0,0,0,0,0,1,0,0,0,0,0,0,0,0,0,0,0,0,0,0,0,0,0,0,0,0,0,2,0,0,0,0,0,0,0,0,0,1,1,0,0,0,1,0,0,0,0,0,0,2,0,0,0,0,0,0,0,0,0,1,1,3,1,0,0,0,0,1,1,1,0,2,0,1,2,0,1,0,1,0,0,0,1,0,3,1,4,2,0,0,0,1,0,0,0,1,0,0,0,0,2,0,1,4,1,0,2,3,0,4,2,1,0,0,0,0,output/source/training/negative/P-Non-Suspect-28.txt.csv,non-deceptive
0,0,0,1,0,0,0,0,0,1,0,0,0,0,0,1,0,0,0,1,0,0,0,0,0,0,0,0,0,0,0,0,2,0,0,0,0,0,0,0,0,0,0,0,0,0,0,0,0,0,0,0,0,0,0,0,0,0,0,0,0,0,0,0,0,0,1,0,0,0,0,1,0,0,0,0,0,0,0,2,0,1,0,0,2,0,0,0,0,0,0,0,0,0,0,1,1,0,0,0,0,0,1,1,0,1,0,1,1,0,0,0,1,0,0,0,0,0,0,1,0,0,0,2,0,1,1,1,0,0,0,2,1,0,0,0,2,0,4,1,0,0,0,1,0,0,0,1,2,0,0,0,2,1,0,1,1,0,0,2,1,0,4,0,0,0,0,0,output/source/training/negative/P-Non-Suspect-29.txt.csv,non-deceptive
1,0,0,0,0,0,0,0,0,1,0,0,0,0,0,0,0,1,0,0,0,0,0,0,0,1,1,0,0,0,0,0,0,0,0,0,0,0,0,1,0,0,0,0,0,0,1,0,0,0,0,0,0,0,1,0,0,0,0,0,0,0,0,0,0,0,0,0,0,0,0,0,0,0,0,1,0,0,0,0,0,1,0,0,0,0,0,0,0,0,1,0,0,0,0,1,0,0,0,0,1,0,0,0,0,1,0,0,0,0,0,0,0,3,0,0,0,0,0,0,0,0,2,0,0,0,2,0,0,0,0,0,0,0,2,1,0,0,1,1,0,0,0,0,0,1,0,0,0,2,0,2,0,1,0,0,1,3,0,0,1,0,1,0,0,0,0,0,output/source/training/negative/P-Non-Suspect-3.txt.csv,non-deceptive
0,0,0,3,0,1,0,0,0,0,0,0,0,0,0,0,0,0,0,0,0,0,0,0,0,0,0,0,0,0,2,0,0,0,0,0,0,0,0,1,0,0,0,1,0,0,0,0,0,0,0,0,0,0,0,0,0,0,0,0,0,0,1,0,0,0,0,0,0,0,0,0,0,0,0,0,0,0,0,0,2,0,0,0,0,0,0,1,0,2,0,0,0,0,0,0,0,0,0,0,1,0,0,0,0,0,0,1,0,1,0,0,1,0,2,0,0,0,0,0,2,1,0,0,0,0,1,0,1,0,1,0,0,0,0,0,0,0,1,0,0,0,1,0,0,1,1,0,1,0,0,1,1,0,1,0,1,1,4,1,2,1,0,0,0,1,0,0,output/source/training/negative/P-Non-Suspect-30.txt.csv,non-deceptive
0,0,0,4,0,0,0,0,0,0,0,0,0,0,0,0,0,0,0,0,0,0,0,0,0,0,0,0,0,0,0,0,0,0,0,0,0,0,0,0,0,0,0,1,0,0,0,0,0,1,0,0,0,0,0,0,0,0,0,0,0,0,0,0,0,0,0,0,0,0,0,0,0,0,0,0,0,0,1,0,0,0,0,0,0,0,0,1,0,0,0,0,0,0,0,0,0,0,0,0,0,0,0,0,0,0,0,0,0,0,0,0,1,1,2,0,0,0,0,0,1,0,0,0,0,0,1,0,0,0,1,0,0,0,1,2,0,0,1,1,1,0,0,0,0,0,0,0,1,0,0,2,1,1,1,1,1,3,3,3,1,1,1,1,0,1,0,0,output/source/training/negative/P-Non-Suspect-31.txt.csv,non-deceptive
0,0,0,6,0,1,0,0,0,0,0,0,0,0,0,0,0,0,0,0,0,0,0,0,0,0,0,0,0,0,0,0,0,0,0,0,0,0,0,0,0,0,0,1,0,0,0,0,0,0,0,0,0,0,0,0,0,0,0,0,0,0,1,0,0,0,0,0,0,0,0,0,0,0,0,0,0,0,0,0,0,0,0,0,0,0,0,1,0,0,0,0,0,0,1,0,0,0,1,0,1,0,0,0,1,0,0,0,0,0,0,0,0,2,2,1,0,1,0,1,0,0,0,0,0,1,2,0,2,0,0,0,0,0,0,4,0,0,2,0,1,0,0,0,0,2,1,0,2,1,0,3,2,1,1,1,1,3,0,1,1,3,1,1,0,0,0,0,output/source/training/negative/P-Non-Suspect-32.txt.csv,non-deceptive
0,0,0,5,1,0,0,0,0,0,0,0,0,0,0,0,0,0,0,0,0,2,0,1,0,0,1,0,0,0,0,0,0,0,0,0,0,0,0,0,0,0,0,0,0,1,0,0,0,0,0,0,0,0,0,0,0,0,0,0,0,1,0,0,0,0,0,0,0,0,0,0,0,0,0,0,0,0,0,0,0,0,0,0,2,0,0,2,2,0,0,0,0,0,0,0,0,0,2,0,0,0,0,0,2,0,0,0,0,0,0,0,0,0,2,1,1,0,0,0,0,0,0,1,0,0,2,0,1,0,0,0,0,0,0,0,0,1,1,2,0,1,1,2,1,0,2,0,1,1,1,3,1,0,2,1,2,2,1,0,4,1,1,0,0,0,0,0,output/source/training/negative/P-Non-Suspect-33.txt.csv,non-deceptive
0,0,0,0,2,0,0,0,0,0,0,0,0,0,0,2,0,0,1,1,0,0,0,0,0,0,0,0,0,0,0,1,0,0,0,0,0,0,1,0,0,0,0,0,0,0,0,0,2,0,0,0,0,0,0,0,0,0,0,0,0,0,0,0,0,1,0,0,0,1,0,1,0,0,0,0,0,0,0,0,0,0,0,0,0,0,0,0,0,0,0,0,0,0,0,0,0,0,0,1,0,0,0,0,0,0,3,0,0,1,0,0,0,0,0,0,1,0,0,0,0,0,0,1,0,1,1,0,3,0,0,0,0,0,1,0,1,4,0,0,1,0,0,0,0,1,2,0,3,0,2,1,2,1,0,2,0,2,0,1,5,2,2,0,2,0,0,0,output/source/training/negative/P-Non-Suspect-34.txt.csv,non-deceptive
0,1,0,0,0,0,0,0,0,0,0,0,0,1,0,0,0,0,0,0,0,0,0,0,0,0,0,0,0,2,0,0,0,0,0,1,0,0,1,0,0,0,0,0,0,0,0,0,2,0,1,0,0,0,0,0,0,0,0,0,0,0,0,2,1,0,1,1,0,1,0,1,2,0,0,0,1,0,0,0,0,0,0,0,0,1,0,2,0,0,0,0,0,2,0,0,1,0,3,5,0,1,1,0,0,0,1,1,0,1,0,0,0,0,0,2,2,0,1,0,0,0,0,0,3,0,0,0,1,0,0,1,2,1,0,0,2,3,0,0,0,0,0,0,0,0,2,0,0,2,2,0,1,1,1,1,5,3,2,0,4,4,3,0,2,0,0,0,output/source/training/negative/P-Non-Suspect-35.txt.csv,non-deceptive
0,2,0,0,0,0,0,0,0,0,0,0,0,0,0,0,0,0,0,1,0,0,0,0,0,0,0,0,0,1,0,1,0,0,0,0,0,0,1,0,0,0,0,0,0,1,0,0,1,0,0,0,0,0,0,0,0,0,0,0,0,1,0,0,1,0,0,0,0,1,0,0,0,0,0,0,0,0,2,0,0,0,0,0,0,0,0,1,0,0,0,0,0,1,0,0,0,0,1,0,0,0,0,0,1,1,1,0,0,0,0,0,0,0,0,0,3,0,1,0,0,0,0,0,2,1,0,2,0,0,0,0,0,1,0,2,0,0,2,0,1,1,1,2,0,0,2,4,0,1,0,1,1,1,0,2,4,1,2,0,3,2,1,0,0,0,0,0,output/source/training/negative/P-Non-Suspect-36.txt.csv,non-deceptive
0,1,0,0,0,0,0,0,0,0,0,0,0,0,0,0,0,0,0,0,1,0,0,0,0,0,0,0,0,0,0,0,0,0,0,0,0,0,1,0,0,0,1,0,1,0,0,0,1,0,0,0,0,0,0,0,0,0,0,0,0,2,0,0,1,0,0,0,0,0,0,0,2,0,0,0,0,0,0,0,0,0,0,0,0,0,0,0,0,0,0,1,0,0,2,0,0,0,2,0,0,0,0,0,1,0,0,0,0,0,0,0,0,0,0,1,1,0,1,0,0,0,2,1,3,0,0,0,0,0,0,0,0,0,0,0,0,0,0,1,0,0,3,2,0,0,0,0,0,0,0,2,0,0,1,3,4,0,1,0,3,2,0,0,0,0,0,0,output/source/training/negative/P-Non-Suspect-37.txt.csv,non-deceptive
0,0,0,0,0,0,0,0,0,0,0,0,0,0,0,0,0,0,1,0,1,0,0,0,1,0,0,0,0,0,0,0,0,0,0,0,0,0,0,0,1,0,0,0,0,0,0,0,0,1,0,0,0,0,0,0,1,0,0,0,1,0,2,0,0,0,0,0,1,0,0,0,0,0,0,0,0,0,0,0,0,0,1,0,1,1,0,0,0,0,0,0,0,0,0,0,1,0,0,1,0,0,0,0,0,0,0,0,0,0,1,1,0,0,0,0,0,0,0,0,0,0,0,0,1,0,0,1,0,0,0,0,0,0,0,0,0,0,0,1,1,3,2,1,0,0,0,1,1,0,2,1,0,0,0,2,1,0,2,1,4,0,2,0,0,1,0,0,output/source/training/negative/P-Non-Suspect-38.txt.csv,non-deceptive
0,0,0,0,0,0,0,0,0,0,0,0,0,0,0,0,0,0,0,0,0,0,0,0,0,0,0,0,0,0,0,0,0,0,0,0,0,0,0,0,0,0,0,0,0,0,0,0,0,0,0,0,0,0,0,0,0,0,0,1,1,0,0,0,0,0,0,0,0,0,1,0,0,0,0,0,0,0,0,0,0,0,0,0,2,0,0,0,0,0,0,0,0,0,0,0,1,0,0,0,0,0,0,0,0,1,0,0,0,0,0,0,0,0,0,0,0,0,0,0,0,0,0,1,1,0,0,0,0,1,1,0,0,0,0,1,0,0,0,0,1,1,1,1,0,0,0,0,1,0,0,1,0,0,0,0,1,0,0,1,1,0,2,0,0,0,0,0,output/source/training/negative/P-Non-Suspect-39.txt.csv,non-deceptive
0,0,0,0,0,1,0,0,0,0,0,1,0,0,0,0,0,0,0,0,0,1,1,0,0,0,0,0,0,0,0,0,0,1,0,0,0,0,0,0,0,0,0,0,0,0,1,0,0,1,0,0,0,0,0,0,0,0,0,0,0,0,0,0,0,0,1,1,0,0,0,0,0,0,0,1,0,0,1,1,0,0,0,0,0,0,0,0,0,0,0,2,1,0,0,0,0,0,0,0,0,1,0,0,0,0,0,2,0,1,0,0,0,0,0,0,2,0,0,0,0,1,0,1,0,1,0,0,0,1,0,0,1,0,1,2,0,0,0,1,0,0,1,2,2,2,2,1,0,0,0,2,0,0,6,5,1,0,2,3,2,4,3,0,0,0,0,0,output/source/training/negative/P-Non-Suspect-4.txt.csv,non-deceptive
0,0,0,0,0,0,0,0,0,0,0,0,0,0,1,0,0,0,0,0,0,0,0,0,0,0,0,0,0,0,0,0,0,0,0,0,0,0,0,0,0,0,0,0,0,0,0,0,0,0,0,1,1,0,0,0,0,0,0,0,0,0,0,0,1,0,0,0,1,0,3,0,0,0,0,0,0,0,0,3,0,0,0,0,0,0,0,0,0,1,1,0,0,1,0,1,0,0,0,0,0,0,0,1,0,0,0,0,1,0,0,0,0,3,0,0,0,2,0,0,0,0,0,0,0,2,5,0,0,1,1,0,0,0,0,3,0,0,1,0,0,1,2,0,0,0,0,0,0,0,1,0,2,1,0,0,1,3,3,2,2,1,1,0,0,0,0,0,output/source/training/negative/P-Non-Suspect-40.txt.csv,non-deceptive
0,0,0,0,1,0,0,0,0,0,0,0,0,0,0,0,0,0,0,0,0,0,1,0,1,0,1,0,0,0,0,0,0,1,1,0,0,0,0,0,0,0,0,0,0,0,0,0,0,0,0,0,0,1,1,0,1,0,2,0,0,0,0,1,0,0,1,0,1,0,0,0,0,0,0,0,0,0,0,0,0,0,0,0,0,1,0,0,0,1,0,0,0,0,1,1,0,1,0,0,0,0,1,0,0,0,0,1,3,0,0,2,2,1,0,0,0,1,0,1,2,0,1,0,0,0,1,0,0,1,0,2,1,1,0,2,0,1,2,1,0,4,2,1,0,0,0,0,0,0,1,0,0,2,2,1,1,0,0,0,2,2,0,0,0,2,0,0,output/source/training/negative/P-Non-Suspect-41.txt.csv,non-deceptive
0,0,0,0,1,3,0,0,0,0,1,0,0,0,0,0,0,0,0,1,0,0,1,1,0,2,0,0,0,0,0,0,0,0,2,0,1,1,0,0,0,0,0,1,0,1,0,0,0,0,0,0,0,0,0,0,0,0,0,0,0,0,0,0,0,0,2,0,0,1,0,0,0,0,0,1,0,0,1,0,0,0,0,0,0,0,0,0,0,0,0,1,0,0,1,2,2,1,1,1,0,1,0,1,0,0,1,0,0,0,0,1,0,1,0,0,0,0,0,1,0,3,0,0,1,0,0,0,0,1,0,2,1,0,1,1,2,1,2,2,3,1,0,1,3,1,3,2,0,2,2,3,0,2,1,2,2,3,1,2,3,3,1,0,1,0,0,1,output/source/training/negative/P-Non-Suspect-42.txt.csv,non-deceptive
0,0,0,0,1,1,0,0,1,0,0,0,0,0,0,0,0,0,0,0,1,0,1,0,0,0,0,0,0,0,0,0,0,0,2,0,2,0,0,0,0,0,0,1,0,0,0,1,0,0,0,0,0,0,1,0,0,0,0,0,0,1,0,0,0,1,0,1,1,4,0,1,0,0,0,0,0,0,0,0,0,1,0,0,1,1,0,0,0,0,0,0,0,0,3,0,0,2,1,1,0,1,0,0,0,1,0,0,0,0,0,0,0,0,0,0,3,1,0,0,0,1,0,3,0,0,0,0,0,0,0,2,2,0,2,1,2,0,1,1,2,2,0,0,1,0,1,3,0,2,5,3,0,4,2,1,1,3,0,1,4,4,2,0,0,0,0,2,output/source/training/negative/P-Non-Suspect-43.txt.csv,non-deceptive
0,0,0,0,2,0,0,0,0,0,0,0,2,0,0,0,0,0,0,0,0,0,1,0,0,0,0,0,0,0,0,0,0,0,0,0,2,0,0,0,1,0,1,0,0,1,0,0,0,0,0,0,0,0,0,0,0,0,0,0,0,0,0,0,0,1,0,0,0,0,1,1,0,0,0,0,0,0,0,0,0,0,0,0,1,2,0,0,0,0,0,0,0,0,1,0,2,0,0,0,0,0,0,1,2,0,0,0,1,0,1,0,1,0,0,1,0,0,0,0,0,0,0,1,0,0,0,0,0,0,0,0,0,0,0,0,0,0,0,0,3,2,5,1,2,0,4,2,0,5,7,0,0,0,1,0,0,2,0,2,0,2,2,0,0,0,0,0,output/source/training/negative/P-Non-Suspect-44.txt.csv,non-deceptive
0,0,0,1,0,1,0,0,0,0,0,1,0,0,1,0,0,0,1,0,0,0,1,0,0,0,3,0,0,0,0,0,0,0,0,0,0,0,0,0,0,1,1,1,0,0,1,1,0,2,0,0,0,1,1,0,0,0,6,0,0,1,0,1,0,0,0,1,0,1,0,0,0,0,0,0,2,0,0,0,0,0,1,0,0,0,0,1,2,1,2,0,0,2,5,0,0,1,1,0,0,0,0,0,5,0,0,0,0,1,0,0,2,5,0,0,0,0,0,0,0,1,0,1,0,1,2,0,0,0,0,0,1,2,0,0,2,0,0,0,1,1,2,7,2,0,1,3,0,3,5,3,1,3,2,2,1,3,6,1,0,2,2,0,0,0,0,1,output/source/training/negative/P-Non-Suspect-45.txt.csv,non-deceptive
1,0,0,0,0,0,0,0,1,0,0,2,0,0,0,0,0,1,1,0,0,0,0,0,1,0,0,0,0,0,0,0,0,0,0,0,0,0,0,0,0,0,0,1,1,0,2,0,0,0,0,0,0,0,0,0,0,0,1,0,0,0,2,0,1,0,0,1,1,0,1,1,0,0,0,1,0,0,0,0,0,0,1,0,1,0,1,0,0,1,1,1,0,0,0,0,1,0,0,0,1,2,0,0,1,1,0,0,0,0,1,1,0,1,0,0,1,0,0,0,0,1,4,2,1,0,3,1,0,0,0,0,0,1,4,0,0,0,4,0,0,0,1,1,3,1,0,2,1,1,1,5,1,2,3,1,9,0,1,1,2,0,2,0,0,0,1,0,output/source/training/negative/P-Non-Suspect-5.txt.csv,non-deceptive
0,0,0,0,0,3,0,0,2,0,0,0,0,0,0,0,0,0,0,0,0,0,0,0,0,0,0,0,0,1,1,0,0,0,0,0,0,0,0,1,0,0,1,1,0,0,0,2,0,0,0,0,0,0,0,0,0,0,2,0,0,0,0,0,0,0,0,2,0,0,0,0,0,1,0,0,0,0,0,1,0,1,1,0,1,0,0,0,0,0,2,1,1,0,0,0,0,0,0,0,0,1,0,0,0,1,0,0,2,0,0,1,0,0,0,0,2,0,0,1,2,2,0,3,0,0,1,1,0,1,0,0,2,1,0,8,0,0,2,2,1,0,0,1,3,0,0,0,3,1,5,0,0,2,5,2,0,10,2,4,5,2,4,0,0,0,0,1,output/source/training/negative/P-Non-Suspect-6.txt.csv,non-deceptive
1,0,0,0,0,0,0,1,0,1,1,1,0,0,1,0,0,0,0,0,2,0,0,0,0,0,1,1,1,0,0,0,0,0,1,0,0,0,0,1,0,1,1,0,0,1,2,0,0,0,0,0,0,0,1,0,0,0,1,0,0,1,0,0,0,1,0,1,1,0,0,0,1,0,0,2,2,0,0,0,0,0,1,0,2,0,0,0,1,0,1,0,0,1,0,0,0,0,0,1,0,0,0,0,0,0,0,0,0,0,0,0,1,0,0,0,1,1,0,1,0,0,0,1,0,1,3,0,1,0,2,0,0,1,2,0,2,0,0,0,2,0,1,0,2,1,1,1,0,0,2,2,0,2,3,2,0,2,1,0,0,2,1,0,0,0,0,1,output/source/training/negative/P-Non-Suspect-7.txt.csv,non-deceptive
0,0,0,0,0,0,0,0,0,0,0,0,0,0,0,0,1,0,0,0,0,0,0,0,0,0,0,0,0,0,1,0,0,0,0,0,0,0,0,0,0,0,0,3,0,1,0,1,0,0,0,0,0,0,0,0,0,0,1,0,0,0,0,0,0,1,0,2,0,0,0,0,0,0,0,0,0,0,1,0,0,1,0,0,0,0,1,0,0,0,0,1,1,0,0,0,0,1,0,0,0,1,0,0,0,1,0,0,2,0,0,1,2,0,0,0,1,0,0,1,2,2,0,5,0,1,0,0,0,1,0,0,1,0,0,0,0,0,0,0,1,0,0,1,5,0,0,1,0,0,0,0,1,2,3,2,0,1,1,2,4,2,2,0,0,0,0,4,output/source/training/negative/P-Non-Suspect-8.txt.csv,non-deceptive
0,0,0,1,0,0,0,0,1,0,0,1,0,0,0,0,0,0,0,0,0,0,2,0,0,0,0,1,0,0,0,0,0,0,1,0,1,0,0,0,0,0,0,0,0,0,0,0,0,1,0,0,0,0,0,0,0,0,0,0,0,0,0,0,0,0,0,1,0,0,0,0,0,0,0,0,0,0,1,1,0,1,0,0,0,0,0,0,0,1,0,0,0,0,1,0,0,0,0,0,0,1,0,0,0,0,0,0,1,0,0,0,0,0,1,0,0,0,0,0,0,0,0,0,0,1,0,0,1,0,3,0,0,0,0,2,1,0,1,0,1,1,0,4,0,1,1,0,4,3,3,1,2,1,1,0,0,0,1,0,1,4,5,0,0,0,0,0,output/source/training/negative/P-Non-Suspect-9.txt.csv,non-deceptive
