0,0,0,0,0,0,0,0,0,0,0,0,0,0,0,0,0,0,0,0,0,0,0,0,0,0,0,0,1,0,0,0,0,0,0,0,0,0,0,0,1,0,0,0,0,0,0,0,0,0,0,2,0,0,0,0,0,0,0,0,0,0,0,1,0,0,0,0,0,0,0,0,0,2,0,0,0,0,0,0,0,0,0,0,0,0,0,0,1,0,0,1,0,0,0,0,0,1,0,0,0,0,1,1,1,0,0,0,0,0,1,0,0,0,0,1,0,0,1,0,0,0,0,0,1,0,1,0,0,0,1,0,0,0,0,1,0,0,5,0,0,1,0,1,0,0,1,1,0,0,0,1,0,0,0,0,6,0,2,1,4,0,1,0,0,1,0,0,output/source/training/positive/P-dolent-1.txt.csv,deceptive
0,0,0,0,0,0,0,0,0,0,0,0,0,0,0,0,0,0,0,0,0,1,0,0,0,0,0,0,0,0,0,0,1,0,0,0,1,0,0,0,0,1,0,0,1,0,0,0,0,0,0,0,0,0,0,0,0,0,0,0,0,0,0,0,0,1,0,0,0,0,0,1,0,0,0,0,1,0,0,0,0,0,0,0,0,0,0,0,0,0,0,1,1,0,0,0,0,0,0,0,0,1,0,0,0,0,0,0,0,0,0,0,2,0,0,0,0,0,0,0,0,0,0,0,0,0,0,0,2,1,0,2,0,1,0,0,0,0,1,0,0,1,0,0,0,1,3,0,0,1,0,1,2,0,1,1,0,1,0,0,0,1,1,0,0,0,0,0,output/source/training/positive/P-dolent-10.txt.csv,deceptive
0,0,0,0,0,0,0,0,0,0,0,1,0,0,0,0,1,0,0,0,0,0,0,0,0,0,0,0,0,0,1,0,1,0,0,0,1,1,0,0,0,0,0,0,0,0,2,2,0,0,0,0,0,0,0,0,0,0,0,0,1,0,0,2,0,1,0,0,0,0,0,1,0,0,0,0,1,0,1,0,0,0,0,0,0,0,0,0,0,0,0,0,0,0,0,0,0,0,2,1,0,2,0,0,0,0,0,0,0,0,0,0,0,2,0,0,0,1,0,0,0,2,3,3,0,0,0,1,0,1,1,0,1,0,1,1,0,0,1,2,0,0,0,0,0,0,0,0,1,1,1,0,2,0,4,1,1,2,0,0,2,0,0,0,0,0,0,1,output/source/training/positive/P-dolent-11.txt.csv,deceptive
0,0,0,0,0,0,0,0,0,0,0,2,0,1,0,0,0,0,1,0,0,0,0,1,0,0,0,1,0,0,0,0,1,0,0,1,0,0,0,0,0,2,0,0,0,0,0,0,0,0,0,0,0,2,0,2,0,0,0,0,0,0,0,0,0,0,0,0,0,1,0,0,0,0,0,0,0,0,0,0,0,1,0,0,0,0,3,0,0,0,1,0,0,0,0,0,0,1,0,0,1,1,0,0,0,0,0,2,1,0,0,0,0,0,0,0,1,1,0,1,0,2,1,0,0,0,0,0,0,1,0,2,0,1,0,1,1,0,0,1,0,0,0,0,0,2,0,0,0,0,0,0,1,0,0,2,4,2,0,0,0,1,2,0,0,0,0,0,output/source/training/positive/P-dolent-12.txt.csv,deceptive
0,0,0,0,0,0,0,0,1,0,0,0,0,0,0,0,0,0,0,0,0,0,0,0,0,0,0,0,0,0,1,0,0,0,0,0,0,0,0,1,0,0,0,0,0,1,2,0,0,0,0,0,0,0,0,0,0,0,0,0,0,0,0,0,0,0,0,0,0,0,0,0,0,0,0,0,1,0,0,0,0,0,0,0,0,0,0,3,0,0,0,0,0,0,0,1,0,0,1,0,0,0,0,0,1,0,0,1,0,0,0,0,0,0,0,0,0,0,0,0,0,0,2,2,0,0,0,1,0,0,0,1,0,0,1,0,1,0,1,0,0,0,0,0,0,0,2,1,3,0,0,2,2,0,0,0,5,0,0,0,1,0,3,0,0,0,0,0,output/source/training/positive/P-dolent-13.txt.csv,deceptive
0,0,0,0,0,0,0,0,0,0,0,0,0,0,0,0,1,0,1,0,0,0,0,0,0,0,0,0,0,0,0,0,1,0,0,0,0,1,0,0,0,0,0,1,0,0,0,0,0,0,0,0,0,0,0,0,0,0,0,0,0,0,0,0,0,0,0,0,0,0,0,0,0,0,0,0,2,0,0,0,0,0,0,0,0,0,0,0,0,0,0,2,1,0,1,0,0,0,0,0,0,0,0,0,0,0,0,2,1,0,0,0,0,0,0,0,0,0,0,0,0,0,2,0,0,0,0,1,1,0,4,0,3,0,0,0,0,1,0,1,0,1,0,0,1,0,0,1,0,0,1,1,0,0,1,2,3,1,1,3,4,0,2,0,0,0,0,0,output/source/training/positive/P-dolent-14.txt.csv,deceptive
0,0,0,0,0,0,0,0,1,0,0,0,0,0,0,0,0,0,0,0,0,0,0,0,0,1,0,0,1,0,0,0,0,0,0,0,0,0,0,0,0,0,0,0,0,0,0,0,0,0,0,0,0,0,0,0,0,0,0,0,0,0,0,0,0,0,0,0,0,0,0,0,0,0,0,0,0,0,0,0,0,0,0,0,0,0,1,0,0,0,1,0,0,0,0,1,0,0,0,0,1,0,0,0,0,1,0,3,0,0,0,0,0,0,0,0,0,0,0,0,0,0,0,1,0,0,0,1,0,0,2,0,1,0,1,0,0,0,1,0,0,0,0,0,0,2,0,5,2,0,0,1,0,0,1,0,6,0,0,1,1,0,1,0,0,0,1,0,output/source/training/positive/P-dolent-15.txt.csv,deceptive
0,0,0,0,1,0,0,0,1,0,1,1,0,0,0,0,0,0,0,0,0,0,0,0,0,0,0,0,1,0,0,0,0,0,1,0,0,0,0,0,0,0,0,2,0,1,0,0,0,0,0,0,0,0,0,0,0,0,1,0,0,0,0,0,0,0,0,0,0,0,0,1,0,0,0,0,0,0,0,0,0,0,0,0,1,0,0,0,0,0,1,2,0,0,1,0,0,0,0,0,0,0,0,0,0,0,0,0,0,0,0,0,0,0,0,0,0,0,0,0,0,0,0,0,0,1,0,0,0,0,1,0,1,0,0,0,0,0,2,0,0,1,3,0,2,0,1,1,1,0,1,1,0,0,0,0,2,0,0,0,0,1,1,0,0,0,0,0,output/source/training/positive/P-dolent-16.txt.csv,deceptive
0,0,1,0,0,0,0,0,0,0,1,0,0,0,0,0,1,0,0,0,0,0,0,0,0,0,0,0,1,0,0,0,0,0,0,0,0,1,0,0,1,0,1,0,0,0,0,0,0,0,0,2,0,0,0,0,0,0,0,0,1,0,0,1,0,0,0,0,0,0,0,0,0,2,0,0,0,0,0,0,3,0,0,0,0,1,0,0,3,0,0,0,0,0,1,0,0,1,0,0,1,0,0,1,1,1,0,0,0,0,0,0,0,0,2,2,0,0,1,0,1,1,0,2,0,0,2,1,0,0,0,0,0,0,1,2,1,1,5,1,0,2,0,1,3,0,0,0,5,1,1,0,0,0,0,1,6,2,2,6,3,3,1,0,0,1,0,0,output/source/training/positive/P-dolent-17.txt.csv,deceptive
0,0,0,0,0,0,0,0,0,0,0,0,0,0,0,0,0,0,0,0,0,0,0,0,0,1,0,0,0,0,0,0,0,0,0,0,0,0,0,0,1,0,0,0,0,0,0,0,0,0,0,0,1,1,0,0,0,0,0,0,0,0,0,0,0,2,0,0,1,0,0,0,0,0,0,0,0,0,0,0,0,0,0,0,0,0,0,0,0,2,0,0,0,0,0,0,0,1,0,0,0,0,0,0,0,2,0,0,1,0,3,0,0,0,0,0,0,0,0,0,0,0,0,2,0,0,0,0,0,1,0,1,0,1,0,5,1,0,0,0,2,1,0,1,0,0,2,0,0,1,1,0,0,0,0,1,0,1,1,1,0,1,1,1,0,0,1,0,output/source/training/positive/P-dolent-18.txt.csv,deceptive
0,0,0,0,0,0,0,0,0,0,0,0,0,0,0,0,0,0,1,0,0,0,0,0,0,0,0,0,0,0,0,0,0,0,0,0,0,0,0,0,1,0,0,0,0,0,0,1,0,0,0,0,0,0,0,0,0,0,0,0,0,0,0,1,0,0,0,0,0,0,0,0,0,0,0,0,0,0,0,0,0,0,0,0,0,0,0,0,0,0,0,0,0,0,0,0,1,0,0,0,0,0,0,0,0,0,0,0,0,0,0,0,0,0,0,0,0,0,0,3,1,1,0,0,0,0,0,0,0,0,0,0,0,0,0,0,0,0,0,0,1,0,0,0,0,4,0,0,0,0,2,0,0,0,2,0,0,1,0,3,1,1,0,0,0,0,2,0,output/source/training/positive/P-dolent-19.txt.csv,deceptive
0,0,0,0,0,0,0,0,0,0,0,0,0,0,0,0,0,0,0,0,0,0,0,0,0,0,0,0,1,0,0,0,0,0,0,0,0,0,0,0,1,0,0,0,0,0,0,0,0,0,1,2,0,0,0,0,0,0,0,0,0,0,0,1,0,0,0,0,0,0,0,0,0,2,0,0,0,0,0,0,1,0,0,0,0,2,0,0,1,0,0,1,0,0,0,0,0,1,0,0,1,0,1,1,1,0,0,0,0,0,1,0,0,0,0,2,2,0,1,0,0,0,1,1,1,0,3,0,0,0,1,0,0,1,0,2,0,0,7,0,0,1,0,4,1,0,1,1,1,0,0,1,1,0,0,0,7,0,2,2,4,3,3,0,0,1,0,0,output/source/training/positive/P-dolent-2.txt.csv,deceptive
0,0,1,1,0,0,0,0,0,1,0,0,0,0,0,0,0,0,0,0,1,0,0,1,0,1,0,0,0,0,0,0,0,2,1,0,0,1,0,0,0,0,0,0,0,1,1,0,0,0,0,0,0,0,0,1,0,0,0,0,0,0,0,0,0,1,1,0,0,0,1,1,0,0,0,0,0,0,0,0,0,2,1,0,0,0,0,0,0,0,1,0,1,0,1,0,0,0,0,0,2,0,0,2,0,0,0,0,0,0,0,0,1,0,0,0,0,0,0,1,0,1,0,0,0,1,1,0,0,0,0,0,1,0,3,0,0,0,0,1,0,2,2,0,3,2,0,1,2,1,1,0,2,0,3,1,0,0,1,1,2,1,1,1,0,1,1,0,output/source/training/positive/P-dolent-20.txt.csv,deceptive
0,0,0,0,0,0,0,0,0,0,1,0,0,0,0,0,0,0,0,0,0,0,0,0,0,0,0,0,0,0,0,0,1,0,0,0,0,0,0,0,0,0,0,0,0,0,0,0,0,0,0,0,0,0,0,0,0,1,0,0,0,0,1,0,0,0,0,0,0,0,0,0,0,0,0,0,0,0,1,0,0,0,0,0,0,0,0,0,0,0,0,0,0,0,0,0,0,0,0,0,0,1,0,0,0,0,0,0,0,0,0,0,0,0,0,0,0,0,0,0,0,0,0,0,0,0,0,1,1,1,0,0,0,1,1,0,0,0,0,0,0,0,0,0,2,0,0,0,0,0,1,0,0,0,0,0,0,0,1,0,1,0,0,1,0,0,0,0,output/source/training/positive/P-dolent-21.txt.csv,deceptive
0,0,1,0,0,0,0,0,0,0,0,0,0,0,0,0,0,0,0,0,0,0,0,0,0,0,0,0,0,0,0,0,1,0,0,0,0,0,0,0,0,0,0,0,0,0,0,0,0,0,0,0,0,0,0,0,0,0,1,0,0,0,0,0,0,0,0,0,0,0,0,0,0,0,0,0,0,0,0,0,0,0,0,0,0,0,0,0,0,0,0,0,0,0,0,0,0,0,0,0,0,0,0,0,0,0,0,1,0,1,0,1,0,0,0,0,0,0,0,0,0,0,0,0,0,0,0,0,0,0,1,1,0,0,1,0,1,0,0,0,1,1,1,0,0,1,1,0,0,1,1,1,0,1,0,0,0,0,0,0,1,0,0,0,0,0,2,0,output/source/training/positive/P-dolent-22.txt.csv,deceptive
0,0,0,0,0,1,0,0,0,0,0,0,0,0,0,0,0,0,0,0,0,0,0,0,0,0,0,0,0,0,0,0,0,0,0,0,0,0,0,0,0,1,0,0,0,0,0,0,0,0,0,0,0,0,0,0,0,0,0,0,0,0,0,0,0,0,0,0,0,0,0,0,0,0,0,0,0,0,0,0,0,0,0,0,0,0,0,0,0,1,0,0,0,0,0,0,0,0,0,0,0,0,0,0,0,0,0,0,0,0,0,1,0,0,0,0,1,0,1,0,1,0,0,0,0,0,0,1,0,1,0,0,0,0,1,0,0,0,0,0,0,0,0,0,1,0,0,0,0,0,0,0,0,0,0,0,0,0,0,1,0,0,4,0,0,0,0,0,output/source/training/positive/P-dolent-27.txt.csv,deceptive
0,0,0,0,0,0,0,0,0,0,0,0,0,0,0,0,0,0,0,0,0,0,0,0,0,0,0,0,0,0,0,0,0,0,0,0,0,0,0,0,0,0,0,0,0,0,0,0,0,0,0,0,0,0,0,0,0,0,0,0,0,0,0,0,0,0,0,0,0,0,0,0,0,0,0,0,0,0,0,0,0,0,0,0,0,0,0,0,0,0,0,0,0,0,0,0,0,0,0,1,0,0,0,0,0,0,0,0,0,0,0,0,0,0,0,1,2,1,0,0,0,0,0,0,1,0,0,2,0,0,0,0,0,0,0,0,0,0,0,0,0,0,0,1,0,0,0,0,0,0,0,0,0,0,0,0,1,0,0,1,2,0,3,0,0,0,0,1,output/source/training/positive/P-dolent-28.txt.csv,deceptive
0,0,0,0,0,0,0,1,0,0,0,0,1,0,0,0,0,0,0,0,0,0,0,0,0,0,0,0,0,1,0,1,0,0,0,1,0,0,0,0,0,0,0,1,0,0,0,0,0,0,0,0,1,0,0,0,0,0,0,2,0,0,0,0,0,0,0,0,0,1,0,0,1,0,0,0,0,0,0,0,0,0,0,1,0,1,1,0,0,0,0,0,0,0,0,0,0,1,0,0,0,0,0,0,0,0,2,0,0,2,0,0,0,1,0,0,0,0,2,1,0,0,0,0,0,0,0,0,0,1,0,2,0,3,0,0,0,0,1,0,0,0,0,0,0,0,0,0,1,0,1,0,0,1,1,0,0,0,4,0,0,4,0,0,0,0,0,0,output/source/training/positive/P-dolent-29.txt.csv,deceptive
0,0,0,0,0,0,0,0,0,0,0,0,0,0,1,0,0,0,0,0,0,0,1,0,0,0,0,0,0,0,0,0,0,0,0,0,0,1,1,0,1,0,0,0,0,0,0,0,0,0,0,0,0,0,0,0,0,0,0,0,0,0,0,0,0,0,0,0,0,0,0,0,0,0,0,1,0,0,1,0,0,0,0,2,0,0,0,0,0,0,0,0,0,0,0,0,0,0,0,0,0,0,2,0,0,0,0,0,0,0,0,0,0,2,0,0,0,1,0,1,0,0,1,0,0,1,0,2,0,1,0,0,0,1,0,0,1,0,1,1,0,0,1,0,0,1,0,1,0,1,0,0,0,2,0,0,1,1,1,0,0,0,0,0,0,0,0,0,output/source/training/positive/P-dolent-3.txt.csv,deceptive
0,0,0,0,0,0,0,0,0,0,0,0,0,0,1,0,0,0,0,0,0,0,1,0,0,0,0,0,0,0,0,0,0,0,0,0,0,1,1,0,1,0,0,0,0,0,0,0,0,0,0,0,0,0,0,0,0,0,0,0,0,0,0,0,0,0,0,0,0,0,0,0,0,0,0,1,0,0,1,0,0,0,0,2,0,0,0,0,0,0,0,0,0,0,0,0,0,0,0,0,0,0,2,0,0,0,0,0,0,0,0,0,0,2,0,0,0,1,0,1,0,0,1,0,0,1,0,2,0,1,0,0,0,1,0,0,1,0,1,1,0,0,1,0,0,1,0,1,0,1,0,0,0,2,0,0,1,1,1,0,0,0,0,0,0,0,0,0,output/source/training/positive/P-dolent-30.txt.csv,deceptive
0,0,0,1,0,0,0,0,0,0,0,0,1,0,0,0,1,1,0,0,0,1,0,0,0,0,0,1,0,0,0,0,0,0,0,0,0,0,0,0,0,0,1,0,1,0,0,1,0,1,0,0,0,0,1,0,0,2,0,0,0,0,0,0,0,0,0,0,0,0,1,1,0,0,0,0,0,0,1,0,0,0,0,1,0,0,0,0,0,0,0,0,0,0,0,0,0,0,0,0,0,1,0,1,1,0,0,1,0,1,0,0,0,0,1,0,0,1,0,1,0,0,1,0,0,0,0,1,0,2,0,1,3,0,0,0,1,0,0,1,3,1,0,3,1,0,0,1,1,6,2,0,2,2,3,1,0,0,1,1,1,2,3,0,0,0,2,2,output/source/training/positive/P-dolent-31.txt.csv,deceptive
0,0,0,0,0,1,0,0,1,0,0,0,0,0,0,0,0,0,0,0,0,0,0,0,0,0,0,0,0,0,0,0,0,0,0,0,0,0,0,0,0,0,0,0,0,0,0,0,0,0,0,0,2,0,0,0,0,0,0,0,0,0,0,0,0,0,0,0,1,0,0,0,0,0,0,1,0,0,0,0,0,0,2,0,0,0,0,0,0,0,0,2,0,0,0,0,0,0,0,0,0,0,0,0,0,2,0,0,0,0,0,0,0,0,0,1,0,0,1,0,1,0,0,2,0,1,1,1,0,3,1,1,1,0,1,0,0,1,0,1,1,0,1,0,0,0,0,2,1,1,1,1,1,2,0,1,0,1,0,0,0,1,0,0,1,0,1,1,output/source/training/positive/P-dolent-32.txt.csv,deceptive
0,0,0,0,0,1,0,0,1,0,0,0,0,0,0,0,0,0,0,0,0,0,0,0,0,0,0,0,0,0,0,0,0,0,0,0,0,0,0,0,0,0,0,0,0,0,0,0,0,0,0,0,2,0,0,0,0,0,0,0,0,0,0,0,0,0,0,0,1,0,0,0,0,0,0,1,0,0,0,0,0,0,2,0,0,0,0,0,0,0,0,2,0,0,0,0,0,0,0,0,0,0,0,0,0,2,0,0,0,0,0,0,0,0,0,1,0,0,1,0,1,0,0,2,0,1,1,1,0,3,1,1,1,0,1,0,0,1,0,1,1,0,1,0,0,0,0,2,1,1,1,1,1,2,0,1,0,1,0,0,0,1,0,0,1,0,1,1,output/source/training/positive/P-dolent-4.txt.csv,deceptive
0,0,0,0,0,0,0,0,0,0,0,0,0,0,0,0,0,0,0,0,0,0,0,0,0,0,0,1,0,0,1,0,0,0,0,0,0,0,0,0,0,0,0,0,0,0,0,0,0,0,0,0,0,0,0,0,0,0,0,0,0,0,0,0,1,0,0,0,0,0,0,0,0,0,0,0,0,0,0,0,0,0,0,0,0,0,0,0,0,0,0,0,0,0,0,0,0,0,1,0,0,0,0,0,0,0,0,0,0,0,1,0,0,0,0,0,0,0,0,1,0,0,0,0,0,0,0,0,0,0,0,1,1,0,0,0,0,2,0,0,0,0,0,0,2,0,2,0,0,0,0,0,0,1,0,0,0,0,0,0,0,1,0,1,0,1,0,1,output/source/training/positive/P-dolent-5.txt.csv,deceptive
0,0,0,0,0,0,0,1,0,0,0,0,1,0,0,0,0,0,0,0,0,0,0,0,0,0,0,0,0,1,0,1,0,0,0,1,0,0,0,0,0,0,0,1,0,0,0,0,0,0,0,0,1,0,0,0,0,0,0,2,0,0,0,0,0,0,0,0,0,1,0,0,1,0,0,0,0,0,0,0,0,0,0,1,0,1,1,0,0,0,0,0,0,0,0,0,0,1,0,0,0,0,0,0,0,0,2,0,0,2,0,0,0,1,0,0,0,0,2,1,0,0,0,0,0,0,0,0,0,1,0,2,0,3,0,0,0,0,1,0,0,0,0,0,0,0,0,0,1,0,1,0,0,1,1,0,0,0,3,0,0,4,0,0,0,0,0,0,output/source/training/positive/P-dolent-6.txt.csv,deceptive
0,0,0,0,0,0,0,0,0,0,0,0,0,0,0,0,0,0,0,0,0,0,0,0,0,0,0,0,0,0,0,0,0,0,2,0,1,0,0,0,0,0,0,0,2,1,1,0,0,0,0,0,0,0,0,1,0,0,0,0,0,0,0,0,0,0,0,1,0,0,0,1,0,0,0,0,0,0,1,0,0,1,0,0,0,0,0,0,0,0,0,0,0,0,0,1,1,0,0,0,1,0,0,0,0,0,0,0,0,0,0,0,1,0,0,0,0,0,0,0,0,0,2,0,0,0,0,0,0,0,0,0,1,0,2,0,0,0,0,0,0,0,0,0,0,2,1,1,1,0,1,3,0,1,0,0,3,0,0,2,0,0,1,0,0,0,0,0,output/source/training/positive/P-dolent-7.txt.csv,deceptive
0,0,0,1,0,0,0,0,0,0,0,0,1,0,0,0,1,1,0,0,0,1,0,0,0,0,0,1,0,0,0,0,0,0,0,0,0,0,0,0,0,0,1,0,1,0,0,1,0,1,0,0,0,0,1,0,0,2,0,0,0,0,0,0,0,0,0,0,0,0,1,1,0,0,0,0,0,0,1,0,0,0,0,1,0,0,0,0,0,0,0,0,0,0,0,0,0,0,0,0,0,1,0,1,1,0,0,1,0,1,0,0,0,0,1,0,0,1,0,1,0,0,1,0,0,0,0,1,0,2,0,1,3,0,0,0,1,0,0,1,3,1,0,3,1,0,0,1,1,6,2,0,2,2,3,1,0,0,1,1,1,2,3,0,0,0,2,2,output/source/training/positive/P-dolent-8.txt.csv,deceptive
0,0,0,0,0,0,0,0,0,0,0,0,0,0,0,0,1,0,0,0,0,0,0,0,0,0,0,0,0,0,0,0,0,0,0,0,0,0,0,0,0,0,0,0,0,0,2,1,0,1,0,0,0,0,0,1,0,0,0,0,0,0,0,0,0,1,1,1,0,0,0,0,0,1,0,0,1,0,1,0,0,0,0,0,0,0,0,0,0,0,0,0,0,0,0,0,0,0,1,0,0,3,0,0,0,0,0,0,0,0,0,0,0,1,0,0,1,3,0,0,0,0,0,1,0,0,1,0,0,0,0,0,1,0,0,0,0,0,1,0,0,0,0,0,0,0,1,1,2,2,2,0,2,1,1,0,1,0,0,2,0,0,2,0,4,0,0,1,output/source/training/positive/P-dolent-9.txt.csv,deceptive
